-155
-248
25
-839
-558
-658
-782
-558
247
-613
426
-825
26
794
-848
789
955
974
-711
-790
41
-229
897
352
376
931
139
-109
615
666
925
-443
759
-701
221
243
183
120
-341
-946
837
899
786
-527
-688
-425
943
43
897
-957
547
521
-92
688
-628
157
201
572
-172
851
-974
634
220
939
439
-330
-704
483
-641
-977
455
784
729
935
-833
233
324
-623
-694
-945
-435
-762
-547
-91
567
180
664
707
685
994
375
-211
788
775
213
811
-202
157
855
-2
-291
-789
-601
91
358
664
228
-990
23
-178
-344
-160
649
-203
458
-578
533
133
881
200
817
953
435
-736
449
21
-311
-196
-645
255
668
-546
-242
-217
-620
509
-397
283
380
-326
-410
102
-22
550
-228
-629
348
899
243
549
106
792
-388
281
701
732
107
-532
-426
-484
-728
-425
-347
-653
530
444
-857
-249
-298
-671
948
114
-722
-481
-525
-537
467
-906
-591
492
-760
995
-247
-698
-75
708
-317
-310
-468
-977
544
-365
175
-98
336
492
548
116
489
137
-759
404
210
362
-459
809
-405
-309
-76
834
540
184
657
919
852
-295
-266
-752
-547
133
408
-3
-302
426
-66
-440
-162
726
-333
783
895
-428
598
-192
-524
-958
-844
763
683
-533
102
-120
20
42
805
342
-825
696
581
522
-162
-130
224
533
832
-192
176
-14
-737
390
755
747
220
-166
975
-540
-633
-336
477
349
126
-382
-665
-791
-542
-801
-923
784
613
-570
71
-292
-896
658
68
528
208
479
44
186
-274
835
117
-132
112
706
638
-855
393
401
-130
-917
593
599
-747
270
-245
300
930
889
309
-925
-996
-452
-894
436
814
-641
-14
-981
230
-772
-351
-799
482
861
972
797
-532
717
-194
954
95
346
65
-201
838
778
452
-369
-666
681
-553
-15
732
579
455
846
-525
536
695
-443
505
-744
811
834
960
623
-618
-127
-483
-717
-132
-748
301
932
-596
-978
-663
-252
544
-423
-286
-384
-626
164
986
-105
536
-469
118
444
717
-53
36
-257
-521
752
-554
-112
338
433
113
-900
224
190
-65
-17
-199
-324
-740
-875
323
539
-713
970
-487
933
-392
68
84
895
-712
524
-485
783
724
-677
-505
758
-92
176
-532
-987
-552
33
-262
124
-416
587
-485
568
949
537
88
-761
-423
-52
-213
495
-362
440
-309
-964
212
831
-47
965
-783
-408
73
579
-623
196
220
575
-756
180
161
121
-134
-100
731
351
448
156
563
106
395
-280
-45
-835
20
434
417
-739
659
86
-133
97
-772
942
613
-50
982
110
-445
-924
-100
-57
-822
153
334
-916
741
-53
-681
174
290
964
640
-286
242
-643
3
-317
789
-980
734
-388
-615
-78
716
254
-995
457
956
510
-256
35
347
-899
760
32
-480
-902
758
-270
894
82
-867
-810
508
-344
-51
-110
661
-235
-721
-968
434
-838
277
909
-123
-631
-529
-109
-201
-358
783
942
-95
672
478
-763
-97
-670
-836
354
59
315
316
-894
536
468
-86
-653
99
836
-623
931
410
-203
687
996
-819
675
848
854
532
902
-344
355
850
423
525
-305
-253
-934
-574
-495
-821
-166
-841
148
-778
417
199
-734
-878
-394
342
964
-563
347
776
1439
-137
-503
609
977
836
-625
-764
-917
-296
815
345
339
659
101
-496
-92
6
267
222
-689
910
407
-874
99
67
-138
522
-545
423
-813
-848
147
-967
276
-431
-787
203
-35
-83
-735
-510
-921
746
113
155
-851
-624
390
686
517
-381
989
-903
-322
391
-781
168
-75
-619
774
-681
985
180
671
411
-194
921
-338
-798
299
175
378
-476
-78
259
375
474
-841
934
-63
-16
563
841
-239
-617
-324
-82
-737
-49
-577
-272
982
-292
-572
-79
-291
71
-773
-774
864
-121
464
-237
-319
661
363
-810
-203
933
414
-984
442
-676
49
852
-894
276
292
-490
488
-631
-522
-776
-572
-447
21
366
793
276
-773
108
794
36
589
-36
642
-387
115
915
865
-247
-857
455
780
104
-809
-81
261
-655
-966
115
285
-789
-826
271
-284
89
-86
-927
-897
687
179
163
-815
-207
908
355
726
692
-389
-885
729
-669
-148
168
-671
-783
476
-818
897
-806
107
237
380
891
101
359
196
824
-847
-170
-10
21
971
-317
-671
-956
60
269
-6
-874
471
-458
516
-249
-552
-91
-453
-752
583
-234
484
971
0
477
558
505
-866
-573
-10
-785
-857
996
-904
-607
-217
-167
54
-618
-441
-882
694
560
57
-690
-735
344
-149
625
-996
249
-142
891
60
-592
-531
-813
68
-7
360
256
-804
-680
449
-655
-125
771
-489
-59
978
1
56
37
-628
876
501
-48
-160
474
-982
-1
169
496
533
240
-647
-825
960
673
-987
767
563
814
851
-712
-346
-903
-694
936
-89
760
-684
447
625
-28
-93
-814
825
-144
132
-698
511
-30
-408
107
-90
229
880
-787
302
869
-336
924
-695
188
911
333
-444
213
537
-648
194
365
751
382
-834
-583
265
-659
-99
125
139
588
543
-452
-393
174
710
128
-808
-348
694
-212
926
450
175
811
97
-433
-381
234
748
-819
-48
-835
238
-823
193
256
180
699
-592
819
-116
-497
364
707
853
-688
-174
-767
115
520
-911
-504
198
918
-741
269
-255
211
-897
808
-573
716
778
86
-980
196
-801
-904
-306