121
863
-756
-812
-837
-547
285
687
-560
-305
557
-347
-374
-51
820
-183
548
-408
-40
367
-829
-891
-667
-206
-974
245
787
171
-430
-27
551
-474
-262
-148
372
253
-410
434
-718
-496
470
53
-277
-398
68
-596
-857
778
-230
-355
143
-620
-8
-457
180
-52
-492
-780
197
-473
486
545
-603
-786
-104
896
415
-823
-489
-146
-423
572
662
-667
-129
114
383
-187
-246
-275
49
-200
-721
-602
409
610
-373
-994
469
515
-447
502
762
865
-24
594
-526
142
981
451
-504
-674
714
-413
568
-455
-225
-616
-3
-965
-731
-798
458
105
-515
215
559
-672
-745
-94
-752
-105
-538
-925
-770
206
-110
453
924
989
-59
-22
432
-831
319
-746
-197
-434
738
-858
-862
-314
-514
126
503
-395
-280
-655
230
561
851
-4
337
-14
283
314
53
-842
512
-604
-284
328
529
965
1
390
-769
600
-77
304
566
21
823
874
-397
936
-548
-727
-280
926
778
-199
626
434
714
-628
310
144
-234
625
-318
-886
-703
-553
344
305
525
-442
-227
-642
-192
-938
-710
324
-572
114
794
365
-141
40
-855
-873
-621
-975
104
-437
496
724
193
142
-357
113
-87
8
681
809
262
756
-32
-729
-211
-866
-215
-588
-524
84
-512
313
-197
278
847
-516
-594
262
65
159
116
-846
-433
-540
-399
-946
-287
666
929
865
-14
-434
-549
904
12
924
-735
-45
999
240
-169
886
-717
-378
-742
-864
-116
-104
-846
-956
153
3
-421
961
696
836
161
-57
-218
-210
68
-735
-684
-34
-882
-35
-983
42
529
381
-743
-326
-624
-820
-910
-870
77
-782
889
-46
-261
-385
805
894
717
-814
-11
585
-424
-973
51
-65
-800
-727
-611
289
-668
94
178
-100
831
-203
-792
-929
-803
-965
414
-428
904
-950
-275
-268
-894
-596
519
319
-566
-661
-57
-13
-872
78
996
-753
-560
350
-466
346
-143
981
-467
483
873
-251
771
38
185
443
-504
-718
5
-493
963
-306
339
286
628
-269
-766
-865
184
841
-476
82
41
449
978
-835
471
95
-23
231
273
-920
689
847
-445
273
694
-465
-937
-205
-588
-262
456
411
658
-120
918
60
51
-833
-432
855
553
975
-945
605
-150
127
43
500
936
870
-921
-311
541
311
30
-341
-596
-527
113
940
625
440
304
-936
892
-794
-893
136
-994
-43
-520
-515
-561
-254
-387
-888
251
-972
-325
-495
-467
-924
570
-178
635
-621
-834
-316
879
953
639
-871
-789
-64
-521
-644
996
779
-242
-246
-305
52
-424
653
148
991
-599
977
-885
143
-31
495
-653
-108
-131
46
429
22
-241
782
-332
-901
-156
-934
310
790
-244
28
648
263
758
-545
-89
-972
-328
-1000
-858
374
437
-87
-795
955
295
725
-397
-302
497
-685
8
745
688
432
206
-955
88
817
441
476
-44
-590
115
-595
-847
-202
569
152
-623
1059
1620
346
911
805
-191
-225
954
-399
-116
-851
269
-727
243
509
-674
449
940
-150
-934
-446
-95
-435
-977
51
80
792
153
-132
70
897
-836
-541
-935
-12
-545
866
-363
-638
774
647
677
314
29
66
-730
-965
-324
226
-939
-637
280
-202
-539
1000
67
149
-212
849
-765
-309
-241
415
534
-201
-759
-329
574
-671
-911
-733
-676
775
-481
333
-840
429
-277
-884
376
-471
960
950
-517
987
436
-484
362
225
108
-615
525
-362
-715
-179
919
-757
-152
-856
900
710
-751
605
476
239
-260
674
-249
-489
-887
632
510
-464
-732
-295
442
497
-165
-271
-743
992
124
806
-405
-262
-26
656
785
-65
-430
876
-42
-25
-381
622
-711
-95
-750
16
-623
-570
504
-976
-102
393
727
-443
166
-492
688
704
265
-642
530
119
-292
30
-171
-296
-601
2
-843
-125
687
-370
258
-706
-772
-317
766
1356
-879
-810
309
227
710
543
-714
-587
591
-404
696
519
430
246
-504
-936
-65
502
-530
839
-854
343
-459
-791
349
40
578
385
-565
-391
392
-72
-535
-541
293
-540
986
1000
-646
827
-761
725
744
604
99
-4
-408
-875
-506
128
-775
924
-876
-297
-2
-569
-170
-369
494
500
1153
-130
476
-431
582
906
973
589
-630
629
-715
171
-950
907
-54
-120
-584
-672
-851
70
-515
-999
688
-361
-124
-678
-382
-818
-5
12
-272
904
913
-751
611
-112
130
705
932
284
553
-704
437
776
-359
-382
239
582
-940
-127
-273
-325
632
-691
627
910
335
708
418
-836
241
944
77
-704
-598
727
545
-290
-347
148
-161
-420
-387
-672
-313
-984
439
313
-68
-87
14
233
542
936
-231
-197
341
-461
-935
331
-119
815
888
522
792
513
-624
896
571
-268
-393
227
668
-13
618
224
-178
989
-512
691
-87
-146
912
382
371
793
403
913
392
-578
-895
-48
731
312
-839
-532
-625
-965
-846
-504
-798
207
-319
995
-445
-787
555
-55
339
729
596
378
-765
-60
220
964
252
-794
-758
-277
-166
-224
959
965
310
-647
785
-219
80
975
74
-64
-13
-517
972
-114
-283
179
-745
298
-457
-681
316
500
492
-590
617
528
-65
852
174
939
248
663
722
300
-201
-669
908
377
-571
679
6
-932
-689
-452
168
-548
337
592
199
798
-519
-796
729
-88
754
-984
629
-6
561
-49
-561
-434
-698
-654
489
725
-410
998
842
843
635
-100
-594
-830
-364
751
-76
-445
-290
-202
-82
-921
956
406
-975
827
951
-801
-827
75
428
-593
207
-360
155
354
154
820
131
-541
-644
-6
108
-584
-466
529
72
353
570
-788
-848
-949
196
-234
-925
944
-154
-866
-915
-42
-170
290
-506
-195
545
-52
747
345
541
521
-744
-416
149
14
-625
-18
562
949
-803
639
692
-565
243
817
357
148
-489
-387
330
-575
-861
864
343
397
-37
52
763
-584
382
-218
330
500
120
143
969
586
-296
684
-242
432
453
-809
25
556
-764
613
-364
487
475
-213
954
874
449
789
879
445
-832
-606
-459
-861
219
844
201
230
-218
774
580
519
947
748
744
-4
-798
751
418
169
707
508
67
-98
-935
172
-82
-65
-617
-189
-371
815
-978
649
611
-113
315
-554
968
-961
360
-747
193
325
-150
79
928
25
494
428
-897
346
960
731
-824
43
463
827
378
-588
531
-454
-788
323
-958
-204
731
-825
756
88
-258
822
368
900
-398
520
516
762
-475
373
430
-621
285
250
419
587
571
-393
-409
349
-754
-445
-197
59
-811
730
-48
-606
-737
588
-891
-594
186
-410
-175
322
-477
-880
-129
407
-442
-66
979
452
-955
620
-46
-105
-94
-192
-10
-907
-952
132
-613
299
-706
-710
-953
-24
778
-325
-410
945
-757
-709
-877
-206
888
708
-5
-777
338
784
-547
-596
127
587
-710
-263
-583
713
-288
914
388
309
380
-275
110
661
-347
-757
16
-569
-457
547
615
-188
-933
923
922
-670
937
-273
655
421
352
-539
265
-100
-796
-209
234
496
619
-279
-887
115
-19
323
989
373
-8
435
930
361
-894
-421
65
-882
-414
-450
-364
988
-620
-793
522
462
-375
396
466
876
875
-69
43
418
887
537
484
293
919
-638
-230
-886
-243
724
781
406
964
91
-68
363
542
643
856
835
-474
-814
482
-249
195
-875
-197
704
-83
644
511
-629
-305
497
166
109
-548
-612
640
511
622
386
140
-494
-472
-675
-75
-449
816
-221
147
757
-563
-30
219
-898
723
927
-815
-652
569
-803
-62
-457
93
-438
-151
330
32
-444
-175
49
986
753
700
714
-824
-211
-962
302
-37
-745
548
185
-328
-179
-607
-56
-893
595
-214
-197
216
136
-211
8
625
-89
529
-49
-141
-925
-369
-759
167
694
143
-533
-117
998
-435
707
523
213
331
-580
941
651
-274
685
-795
913
148
-681
-855
607
79
351
-682
960
-377
620
-421
638
-252
937
917
-253
-241
-101
-868
-414
-55
-21
263
-735
-421
-153
890
476
807
690
883
-57
425
899
975
-575
484
758
199
-641
522
85
785
434
200
936
969
-627
-944
112
366
-118
-834
-684
98
-614
155
101
-361
-600
879
-390
-636
-114
822
993
-741
764
-554
-927
156
-51
-958
-955
812
-716
12
-551
-941
516
-239
-72
934
-252
119
-427
361
509
-402
512
421
-362
-963
723
-582
-494
0
564
186
-192
51
931
949
-45
-28
-696
-163
360
-869
-379
18
187
-449
-389
-40
28
-92
-393
-892
130
-279
-565
-778
-903
-450
132
396
-542
-911
543
-915
-391
944
802
-924
-423
-407
-304
124
-183
-905
342
523
-351
-597
362
-54
-640
428
-829
58
897
-643
-169
-218
-692
-345
-886
474
-299
636
642
121
-905
-112
-274
195
72
-196
-144
-181
-974
-383
-771
-489
-558
919
-841
1
59
-972
-44
-622
-892
-283
225
933
885
600
-936
370
30
-737
-116
715
-572
721
-82
-768
302
-972
-178
-37
395
697
816
479
548
569
984
-918
-84
-715
700
847
139
-689
427
-745
858
-229
-419
392
-832
341
-621
-241
-314
-830
-478
-844
-127
628
628
-921
-554
516
-199
-768
593
-46
-378
-575
185
461
653
-686
-645
-338
-377
118
974
354
943
-179
504
-624
-988
-780
-220
262
622
656
496
742
413
208
662
-526
-271
999
-475
-203
-878
935
617
179
555
883
-519
759
-44
-981
-276
615
-873
-891
776
800
703
740
-421
887
-380
981
-856
747
-188
-818
-825
-758
-747
315
601
-421
680
-747
-934
943
307
-972
-422
110
11
-332
613
-256
262
-875
984
722
149
-102
341
-48
285
272
-191
993
-764
641
-700
430
13
-174
920
-611
-132
404
-374
-701
-131
-770
347
-475
-300
-729
757
-412
363
-648
571
-769
538
569
-27
-713
185
757
492
-52
741
868
-627
148
-383
-731
-497
265
850
260
176
-645
480
-109
-169
546
311
982
48
-864
-290
926
-70
712
61
-644
-499
-166
-439
-326
-781
-888
906
1
304
-917
-482
-919
-624
559
-202
312
-61
-933
292
577
-269
-200
-891
-737
-126
558
989
-99
-283
180
-844
-749
480
140
-877
-584
25
-192
-896
-315
618
-568
851
-267
33
-713
-518
750
-664
815
232
-459
983
147
379
258
-543
-139
190
-111
21
-25
-518
-606
584
691
881
-84
575
126
-237
-258
-600
-415
-963
-64
-694
761
-11
-194
262
539
-695
-961
699
-185
256
1000
-489
84
537
663
-741
-382
729
-604
607
-795
5
720
-3
-124
-987
674
-663
42
491
-580
-26
-485
9
-971
-179
273
-498
405
852
-322
395
582
-320
-699
247
468
203
504
765
962
55
437
-311
-994
391
-783
-662
-538
937
209
-815
837
166
-670
-623
-976
278
468
-134
168
434
612
-578
-762
-898
365
36
548
-162
-610
-287
-813
-200
474
468
-398
-896
582
-182
-827
-508
290
-488
-848
790
558
857
-198
700
142
1581
-208
-363
-230
980
885
926
-131
-911
24
-538
759
766
578
-396
-505
-522
985
-316
104
-809
426
348
853
-919
-582
-815
1108
-208
-715
606
635
515
692
563
581
-228
596
339
-618
-348
277
728
148
-725
205
-978
-130
879
-277
806
-677
-987
-494
851
397
-848
-921
746
620
-814
431
-233
-695
154
-636
-27
310
-588
422
-352
-387
542
-489
-86
-285
613
633
591
535
23
-570
-542
-969
700
185
-100
904
179
-198
-647
241
-577
-403
-931
-488
-738
303
886
843
163
74
556
-761
188
-828
8
944
-209
-772
-444
544
559
509
771
-562
164
-768
-69
-317
600
153
885
-968
-867
972
548
181
384
424
-380
-835
461
-769
527
167
349
409
-580
763
-383
-725
142
-450
-719
-675
833
718
-987
145
393
-77
295
924
947
-922
-97
-459
-771
555
646
290
24
384
151
-704
-784
-223
-113
-582
348
-766
446
805
-434
-890
-941
-873
-522
-142
-705
706
-907
-409
-719
895
612
-131
-84
139
509
153
-795
149
-812
843
-795
741
345
440
473
18
189
536
-463
520
34
290
-336
-733
-401
-33
296
90
-656
-127
67
918
-849
-571
-841
894
-504
118
410
-785
484
406
940
-141
-824
-44
188
724
226
-17
440
-53
311
971
108
-591
703
260
575
-507
397
872
-378
-853
79
293
-958
-698
-838
-320
-375
427
-142
-685
288
-492
206
97
472
124
461
757
543
965
357
667
-939
-76
872
-679
48
79
247
-161
167
949
-670
-574
734
541
-50
920
-483
289
712
489
841
295
416
-730
97
0
-969
-599
156
-665
888
-880
759
801
250
66
-175
707
86
-622
-209
466
-700
677
-228
-734
820
221
-194
679
225
-683
499
-657
59
369
324
-388
227
-983
607
-567
-803
-702
-445
535
566
-987
-74
-764
-386
786
-147
972
759
-493
-110
928
-500
-257
918
550
462
906
-968
-136
-103
273
406
625
-180
286
-121
534
-323
-394
89
-572
-768
500
708
225
906
992
-85
-873
-657
-403
468
-69
870
-865
-192
115
72
88
100
67
988
466
453
-613
-307
-1
47
400
749
405
197
940
966
-25
228
480
858
546
710
694
-571
-852
733
-987
468
-951
401
475
400
-24
-701
-732
436
-580
-818
178
14
467
494
753
970
-286
-767
903
137
-631
-909
248
210
-211
915
-850
302
-526
467
-619
-40
-397
405
-442
-493
-313
-483
-336
-716
599
-723
-591
240
975
-415
-236
-475
-895
162
989
-132
-53
-982
-833
-841
-572
-916
-1249
-555
510
-47
-450
-167
-271
-919
-514
-914
554
-597
580
334
-783
-793
-947
577
293
-709
441
-454
-38
-514
-829
23
745
-992
934
703
329
98
-388
-34
-506
-783
-908
-733
-431
-133
-349
54
-700
-374
338
146
-849
-632
-716
-810
-403
563
540
-843
251
-691
446
-841
-90
487
316
-859
269
123
63
-173
-364
-117
608
-977
-156
496
-104
124
845
-586
355
-40
94
-908
-515
646
620
39
152
477
-848
587
571
747
567
-300
-498
699
-908
769
94
-862
-545
-928
-977
825
-22
258
-982
-722
-995
403
-150
616
74
196
917
683
511
712
-870
-728
724
917
-608
-15
701
-90
23
-129
103
678
542
-977
642
-753
-193
806
-253
-590
-418
-562
-672
-285
-781
212
100
678
-88
-296
759
601
946
963
76
639
-772
16
441
-302
497
-460
684
-537
-550
-863
-794
442
-428
222
-184
919
499
149
-752
389
-875
-184
-262
-962
-537
829
-992
704
-405
408
-897
909
395
724
-879
952
-488
-917
312
-531
226
306
166
571
-962
703
-893
-353
-301
398
-375
-48
-13
847
911
-150
676
332
-555
808
419
801
-163
-214
379
-389
718
380
-635
357
-555
-158
-977
800
99
-63
-641
-777
734
-433
-370
830
179
863
-132
-511
-819
722
425
842
-240
227
534
105
-335
-797
796
-134
-274
92
141
-728
-399
-292
158
-36
-458
150
659
0
-345
762
-871
-183
-680
172
451
398
186
-773
797
-487
910
550
-882
-178
42
276
886
-329
452
-136
-761
-617
-536
898
64
41
-30
-846
224
656
-694
-507
-923
-996
-551
-333
-689
313
344
-695
-712
502
-778
-18
-491
942
-939
-902
637
-787
-531
811
-576
-410
233
948
140
-782
-496
-234
313
974
-856
211
-408
-885
347
944
603
-736
-168
65
125
-837
-414
538
-442
-884
-933
-971
-456
-325
914
805
505
-365
677
15
-317
746
-12
-488
766
-61
-539
594
-771
268
-376
371
-781
-187
149
-901
-182
-572
725
-83
825
-524
220
-654
572
125
-319
-635
230
261
-855
406
-91
-821
-303
-415
-704
-916
-552
-289
-664
-634
-976
-763
-696
-932
767
932
-265
-441
948
441
-252
703
835
597
-568
-472
601
348
-807
-705
-399
-30
489
83
-284
-153
-584
621
-539
-550
973
-44
-64
29
-350
418
-154
404
-861
337
-889
-216
-82
-563
-822
666
27
444
-880
907
71
-739
-420
-847
374
862
-45
-198
591
311
-14
336
224
-935
-98
457
962
279
-619
-898
-132
-985
-205
243
-383
863
-411
606
48
24
399
-690
-987
-485
374
-385
-617
409
-298
885
-658
20
104
620
-744
-957
939
967
12
-444
-255
296
437
-271
131
918
-291
-112
913
-834
296
133
683
-258
-75
-397
108
25
-524
-562
357
55
-238
-289
-830
-822
-542
-625
167
931
-486
-35
-983
872
1
651
57
840
-645
-586
974
-820
-223
778
-640
-721
896
-257
851
-599
362
-802
613
36
-98
-771
-825
-261
-574
-209
-572
-33
-709
-196
670
741
262
180
628
-821
123
-944
-884
904
-982
-117
396
77
111
-548
-853
-351
-128
886
563
280
637
-348
125
51
-424
-952
-839
-723
980
-650
-140
548
-817
-708
-693
42
-525
-407
370
-397
-819
-206
470
-151
-364
-476
539
-7
-985
747
-168
259
-195
-356
-550
-937
-377
-412
430
-994
-414
-218
-54
462
-641
652
218
-351
-669
174
-433
501
177
-820
447
779
279
393
-795
-753
330
402
673
-144
103
821
-184
-132
-338
-342
397
758
-99
314
-376
158
-270
926
-992
961
-764
527
79
935
325
478
-47
-2
527
-598
593
447
-311
-779
-468
-454
121
-387
-699
31
-842
647
225
194
-592
721
341
-161
624
238
-630
967
855
377
-221
-202
881
185
-212
-810
867
-235
-982
-879
71
-732
-488
-911
575
336
-257
-674
898
163
-675
-735
50
307
32
511
-818
-455
920
-84
13
152
918
404
527
-676
-811
-333
359
487
399
-595
-738
221
-217
-81
900
738
12
-601
-760
-348
416
753
-520
428
136
-242
496
-814
109
-295
189
-69
42
668
-792
930
-539
-572
809
-730
738
-203
-651
-198
-789
-621
-425
-909
865
-158
-291
-209
314
-709
-486
-348
85
-502
-828
313
190
-913
256
848
-805
-450
-855
684
-639
-861
-662
323
490
421
537
-36
880
372
942
-425
326
769
58
-477
588
-55
760
828
-645
579
-575
-140
951
986
-408
845
-739
258
-935
-762
821
-652
960
-777
-594
654
815
-233
605
-111
-184
433
652
352
-477
767
-308
-659
-823
331
-846
872
-641
-357
444
-507
923
771
-753
899
-415
-567
-342
-624
-144
-40
385
-903
-612
-231
499
459
678
-634
-569
-800
374
-354
257
870
492
-91
947
654
68
404
-184
759
176
-493
-982
-814
399
126
328
694
-718
-912
782
59
408
-231
452
-415
-552
922
103
-441
677
-702
72
114
-111
51
-434
-709
283
686
-989
77
-556
399
41
629
104
-176
-728
-858
429
-199
-882
94
-602
27
-792
925
527
803
-31
-966
882
-172
149
503
-859
376
662
-990
-766
588
258
911
-399
-932
837
-327
461
28
353
-21
304
-967
-756
-696
-874
-736
-631
4
-298
767
-1483
-568
980
-959
54
-659
-437
512
620
941
-205
-13
679
-275
-14
-401
111
403
734
-461
219
-462
-230
-956
-844
-287
-770
378
-548
-717
-792
-179
-476
-705
-489
842
-438
-274
47
-548
-315
311
161
997
-616
-382
-785
614
-452
-585
-362
804
442
732
-123
-212
-242
580
-751
781
-898
30
-731
322
-87
-548
194
913
-316
716
-682
-768
276
-855
799
-429
206
-149
839
-243
415
-908
376
-435
647
551
669
-215
-644
-22
-360
-658
705
-415
483
826
705
382
-391
-563
488
106
724
-184
610
-390
-483
186
-179
-979
-193
514
775
438
435
-986
-22
-52
-98
-368
-95
162
-289
-346
-413
947
328
810
-239
360
-792
-282
-989
854
-625
-144
-228
159
834
-376
-486
-204
604
-324
-180
-610
-268
579
-314
45
-138
-193
-105
502
-1155
43
613
664
148
-850
-362
-424
174
240
-634
-727
-391
-267
-766
-333
-242
-322
-995
-712
-928
746
-556
-436
573
-350
-632
903
-532
210
404
-450
429
238
-799
381
935
605
772
43
645
-621
784
605
-371
-641
-901
-970
674
939
532
-132
216
-993
-734
909
989
-98
323
-703
-238
-320
379
117
973
-263
510
-584
-514
116
900
307
-137
239
-814
-737
677
-765
-600
-106
-523
-545
-62
-379
213
-508
-483
-595
-908
913
837
-27
-160
130
-336
116
-492
331
-882
-669
332
-263
-77
654
-141
-832
-737
221
921
758
-708
938
-930
86
-686
701
-437
-277
537
961
504
442
-182
-5
169
805
-960
289
-818
-992
-154
697
142
538
921
-341
143
87
873
935
631
478
-222
-327
320
-612
577
680
-821
-932
-111
-891
-464
945
687
348
716
337
-311
305
-885
864
-986
-360
942
90
995
345
618
-48
-291
915
-369
22
803
-396
974
966
661
454
430
-841
569
-930
507
259
593
643
-291
704
-812
691
217
381
-661
-66
889
172
278
-436
261
-83
-155
853
758
-131
-418
-149
886
-212
-554
-859
268
762
-244
-423
-973
876
-964
-379
-690
251
-10
677
-608
673
706
236
966
926
279
84
614
-210
-990
63
172
-481
217
991
-51
76
-300
-709
554
667
305
-733
801
-211
417
-351
131
-458
771
-190
-73
-902
-609
-218
-583
-808
280
750
518
-214
-926
519
935
102
-830
274
-951
429
998
-95
-894
-752
577
315
843
-796
-520
-600
199
703
42
10
-83
291
-348
507
-627
-82
-521
912
-649
213
-71
-663
979
620
719
-978
198
521
548
415
-978
-75
-576
-591
-598
-811
473
800
-308
-459
-882
-236
-965
136
126
913
-235
-525
327
-15
410
95
-338
-939
12
-569
753
-550
428
-31
667
856
-750
-412
-516
-130
-453
-989
-354
-955
673
-86
10
629
131
-936
734
-194
247
-38
266
408
640
-611
949
-460
-875
204
29
-20
469
759
526
-509
-713
285
125
-695
-283
-418
-924
967
-352
-747
233
-703
-123
354
-231
-197
867
-411
520
-7
601
-110
472
-724
672
-160
714
-224
404
447
729
-296
-767
-311
24
129
-379
51
824
-203
299
-317
711
872
493
662
-541
-350
151
989
-714
-315
298
-28
534
398
924
-136
172
112
749
805
-122
605
765
-91
468
-71
771
-358
587
763
737
-733
452
-753
-589
97
126
-454
-534
604
-283
-205
-865
533
525
76
-446
421
-515
-964
-243
-841
784
-270
100
165
-977
889
144
-115
-176
-620
110
290
-612
980
974
-836
71
-984
-356
808
-685
-373
798
-225
-173
-795
660
-621
764
-489
986
-739
-522
-378
257
332
569
-490
-832
-916
294
-194
-319
-450
692
292
-545
-242
-63
-981
-638
918
92
60
-506
580
-518
-190
-392
-979
11
-869
-818
-799
943
694
-18
712
-622
722
-732
-306
105
508
-445
-118
-973
646
372
-202
-697
-208
547
253
705
322
12
417
340
695
979
418
231
-548
-682
-999
-847
457
381
-179
-787
-881
157
544
296
541
860
-898
-243
91
-660
-666
-196
-815
-618
-921
112
745
-926
-618
-378
18
724
992
267
-358
731
803
-65
-21
518
-818
-367
-957
697
436
-985
-570
-69
-718
481
528
-327
-769
524
207
82
873
-873
305
-942
-325
-362
-88
-734
-172
481
21
-552
868
949
208
-34
-656
-718
-838
386
658
873
930
700
774
895
-46
-936
-583
-671
-531
-599
765
-4
-626
-174
839
672
523
-929
962
80
-685
-253
80
381
230
833
-682
509
267
244
460
133
490
918
161
-459
-287
-17
-126
-995
99
-161
-150
-750
220
-992
-686
-526
-584
131
349
656
-341
247
195
-378
19
848
300
-141
-430
-910
492
499
399
262
-939
-775
-685
-29
627
366
-668
431
-262
-739
833
545
-575
631
-378
-802
-641
72
-318
-86
710
733
-66
-867
-881
900
613
790
448
-291
-662
-807
-795
-719
507
-786
325
142
-888
-839
303
844
974
190
-436
-350
815
-65
435
-636
-899
567
-528
148
-83
655
-273
-64
-582
335
488
-47
570
-558
115
344
-212
-693
-421
318
-16
-979
-377
-515
911
159
827
214
-296
204
229
-434
595
-963
-765
541
-451
-411
-855
-83
903
-79
508
141
-947
-455
-665
83
-866
-557
-847
420
-685
-550
806
-449
-534
-643
-757
274
-962
-459
688
425
987
-557
-831
662
88
226
-85
42
-423
-835
-444
633
577
-298
-842
142
-828
-934
-932
479
952
855
496
433
168
686
416
554
759
-927
-326
-254
673
-279
320
-551
-606
31
807
-78
-839
-466
261
762
781
-707
-317
-639
387
261
-801
-962
563
512
109
-443
374
-335
-829
-682
246
-704
305
-5
980
174
-506
826
-839
-581
-490
928
407
-225
-470
279
281
-700
333
202
153
598
-672
400
-583
515
464
496
-242
-373
-60
-7
213
-711
-668
-774
424
-163
249
459
464
-27
-159
-189
-560
-748
520
-66
-421
-512
-244
-798
546
-990
575
-941
775
279
151
-831
568
540
421
-417
684
-752
70
707
-248
-529
-917
685
-217
-195
735
-860
203
-628
281
45
-820
-46
368
553
-149
-786
-107
-832
675
-456
-360
394
445
720
701
765
128
-790
877
524
-62
99
390
-302
-834
36
-425
-662
-177
-282
-578
-11
-846
363
-488
514
928
-560
-304
-713
11
28
-396
801
-219
230
-508
-154
-370
1357
-330
-882
569
21
450
-682
-458
684
-989
-26
-285
91
219
-632
-48
-821
-964
997
962
936
-190
-927
35
-493
737
-647
10
-649
420
-669
-460
-375
-605
-435
381
-256
-558
886
245
451
934
607
670
349
172
-192
-466
233
137
-344
-984
-201
950
-909
191
-895
103
801
204
566
-134
78
540
-82
87
58
-303
-408
-298
365
-722
-139
377
-315
-830
694
364
413
-424
66
53
615
-488
803
941
-968
400
341
-500
-236
986
488
-854
263
760
-4
755
-492
409
-9
731
435
917
-290
-564
-111
127
-482
-566
-952
-156
-679
-56
144
-37
-903
319
-933
385
382
-857
-268
174
-520
280
737
77
743
-70
273
427
55
759
-156
-1081
-702
-195
-910
-792
796
575
-400
-517
-999
525
583
-604
-483
319
-824
222
-651
-594
89
-640
-550
245
829
-592
-760
24
-271
-775
-472
-260
-121
775
-472
-799
993
854
-700
771
633
153
-828
-434
-986
247
-147
-687
-853
588
-356
-37
-281
-369
-122
-529
-372
-902
-695
-452
831
-784
652
-136
-832
-18
385
-839
-742
370
-63
-250
570
-896
-306
420
-121
456
498
721
28
217
-95
365
-573
617
-698
814
-848
484
161
-189
560
614
490
-400
-841
406
-901
827
996
-442
-281
788
-976
-223
617
-761
-485
201
385
-520
-324
-565
-767
470
-756
238
-326
38
-979
997
-530
137
-526
715
-788
278
-108
519
314
-25
-674
-372
-132
-194
-824
-415
-636
-129
-502
501
695
-467
491
655
-131
-936
-604
-798
877
525
-617
-567
-899
-597
991
-776
37
670
60
639
851
-206
185
-251
-434
886
-376
-118
-884
496
780
-993
636
-947
-968
-365
-796
-928
948
-323
-629
-589
471
503
-640
101
657
-795
-77
839
245
341
677
-188
338
-906
-806
506
-574
-51
-202
80
871
-378
314
713
-85
-691
-357
-393
-99
-943
-879
-287
-157
-74
76
-975
560
-879
156
-743
-309
-967
-953
-218
315
-659
483
-197
476
22
-262
-961
783
-903
-751
102
-56
-91
756
381
980
-38
-487
-806
-800
-179
-308
-349
-1055
551
-655
1000
50
452
-870
442
107
822
-648
-486
561
-965
338
-233
-983
-439
-876
35
-937
-653
-935
-598
-658
717
958
-602
-16
-270
-777
-297
822
-596
-220
624
97
915
836
-597
230
55
284
785
459
458
-468
537
997
-21
713
178
-723
-886
-413
-324
645
963
-583
-901
-659
353
-202
-488
-762
-213
997
-505
-682
456
-730
369
993
905
89
868
-977
-110
1268
-127
-410
-857
414
-427
-841
90
935
881
818
-555
3
835
220
391
647
507
981
729
-808
634
13
-28
-881
-504
-278
-646
856
-668
197
374
-361
298
300
-871
-191
-780
502
555
331
387
823
715
-330
-319
477
-107
413
-763
-140
740
141
893
-128
833
-782
-787
-796
867
-602
-131
-837
261
-146
789
958
-187
-857
22
-377
151
-890
-530
425
382
-785
324
890
872
981
-192
678
-5
381
-677
453
-655
-315
801
-351
-164
774
-988
-547
14
-469
-559
-26
-629
564
724
97
803
-89
422
-703
-778
107
815
-501
275
-285
919
-206
340
896
548
827
180
-722
-671
814
-786
-424
-746
103
107
-610
443
-745
-777
974
305
884
-760
61
251
877
585
-962
-202
320
855
-567
-541
687
-355
-682
278
264
-358
-448
226
-329
-96
-861
679
-759
-964
975
328
-665
149
-337
883
764
673
634
-491
-712
-772
-584
-631
784
-701
486
620
-426
-539
883
-334
-429
330
197
630
887
-238
-528
286
441
-460
314
-176
954
-749
809
452
844
-725
-154
965
-356
-214
-656
-106
-705
-396
612
478
37
404
-155
-488
846
-66
361
645
-948
-963
294
-102
-251
571
-79
350
-189
782
-917
-515
913
-37
323
-673
940
-992
-960
-637
518
-202
23
250
-854
566
467
-188
-34
770
112
728
709
997
517
-60
-53
-285
178
819
-190
1000
881
986
-766
587
899
-929
-721
213
-498
961
865
797
-724
783
291
-533
-529
-35
418
-275
403
170
740
959
431
291
948
-343
986
-449
-244
-417
163
100
147
-117
-928
697
64
319
292
163
81
-547
570
-224
-561
499
-347
977
593
-696
68
894
-715
-823
-485
-729
584
-362
-441
-948
598
-644
227
-984
606
105
-959
933
147
-838
-184
119
706
505
236
-362
670
-185
361
-946
550
908
-381
-287
-3
-770
896
-732
182
-648
-331
355
166
187
-124
834
-345
-669
-207
238
612
890
700
-25
149
-367
54
556
-34
-592
117
819
987
468
-288
-479
-679
-350
565
-832
-628
-766
528
241
-110
-356
761
-743
-444
47
-394
152
-483
-284
709
-616
-555
-461
831
-166
437
-56
857
832
610
-983
771
802
-554
-63
494
-452
363
-187
641
336
-730
-63
-114
494
223
-902
-91
-85
-644
-386
366
486
-584
731
-774
-386
983
322
661
-477
664
563
-923
-657
-384
87
-941
320
884
28
42
659
565
-652
203
365
-95
-928
-760
899
-859
-613
-813
475
-992
-60
-297
-756
590
-590
857
726
-761
-674
467
68
730
-644
-923
-174
274
845
829
-991
344
600
903
651
518
-617
-351
212
-952
-225
346
145
970
-653
601
967
-537
664
-364
823
122
-665
-523
-639
-270
-801
-301
933
-359
-456
10
974
-792
-231
-166
-591
110
-860
-517
-299
-56
-962
-322
-941
-422
368
606
-151
-252
-162
632
976
85
964
-666
-841
995
-162
-381
-756
791
718
672
133
-876
-558
171
-805
-103
66
-815
392
976
612
119
-620
-18
316
410
-220
-869
-603
-834
831
-254
-547
686
-757
438
512
158
-165
-237
-950
703
-7
561
137
139
404
-241
454
-878
-266
312
388
172
-997
-413
-286
633
-594
585
634
331
640
777
-669
158
335
-807
822
886
-641
262
960
700
759
822
685
-274
-815
-43
-739
297
641
-354
-21
-341
635
367
-130
216
-388
-918
92
106
-939
610
-892
131
-622
319
985
-292
-581
742
-420
73
899
834
-217
91
787
391
-115
867
508
-478
-432
-409
714
406
414
-196
-104
-741
859
326
-391
77
-313
-82
786
362
-103
-647
223
-625
-434
394
939
-504
-314
123
-745
262
122
671
-139
694
-79
-672
-126
-686
356
28
785
-764
120
-79
564
-13
832
-691
719
403
873
96
-774
-389
-387
541
-497
805
795
992
-274
467
-264
258
-292
238
772
-23
246
-394
-386
-436
-278
-793
636
-711
928
700
700
87
210
-481
153
66
-763
658
960
370
472
804
93
-69
246
609
147
-892
-649
-222
-752
-2
-949
-658
-725
447
674
-99
681
79
-494
589
-39
-645
-260
-208
97
-576
-209
-378
591
-776
927
897
175
-732
10
-852
-372
-518
413
726
-538
732
-449
-600
-79
214
713
17
384
-242
74
-823
220
706
-260
209
835
327
283
493
-31
77
-904
-601
286
601
269
-928
-949
-725
914
276
-757
-109
869
-837
-335
476
-262
-817
-144
-630
21
-764
-145
-861
-26
-47
-186
-623
626
-944
-176
258
620
252
-439
-245
-79
-638
-575
405
604
713
474
-771
784
-859
-807
167
987
550
228
-478
987
-544
910
152
-821
558
-443
685
673
580
-98
281
359
152
237
348
-696
-933
-869
224
169
-645
955
-425
596
726
-138
236
239
416
182
-436
-599
650
-358
228
23
445
246
-894
263
8
-139
5
-7
749
-712
-197
470
-155
-963
976
130
403
-70
420
-472
241
-619
-580
-386
368
-411
-362
373
697
730
859
72
-702
621
-306
430
-664
-326
-977
-825
-770
-72
188
-829
-12
188
743
-919
883
967
-891
-239
543
55
12
-130
900
-349
634
-906
679
-758
-994
-140
-563
-766
985
230
-168
-260
298
-101
319
-395
724
168
-757
943
-131
795
971
466
123
-957
569
-955
591
-748
721
853
923
-301
211
-142
-96
981
-963
-925
-12
146
-615
-790
-537
-691
-140
-78
856
-385
-248
-61
-395
790
-657
-165
707
-752
692
-847
-130
63
39
493
-49
-854
-632
-43
919
-972
95
426
767
-462
638
-112
140
275
822
-115
-172
-592
776
-112
-443
802
309
234
482
579
-116
-543
-284
-946
-85
772
-655
-882
783
727
-257
134
383
406
-122
388
991
15
538
-803
565
983
373
822
313
250
66
994
197
-571
-29
414
4
-657
753
973
201
528
-286
-160
237
-1
494
-750
-829
-580
-346
976
53
-303
-413
-379
-16
-144
755
727
816
396
168
-811
88
557
-91
-360
485
-968
642
684
-449
207
637
514
262
700
615
-625
-436
511
-767
-880
627
156
314
749
-515
-404
407
-48
-61
377
352
-523
49
-757
-880
-688
728
-543
194
537
-889
-278
-520
907
354
838
-514
-34
-797
-769
93
607
884
871
287
-962
-761
225
188
-220
-515
808
-107
-547
824
104
-837
-562
-25
664
-377
-827
-781
-328
897
-832
689
-877
622
641
1192
611
940
-812
-180
818
-37
125
525
98
-401
337
-760
-150
-789
693
-268
438
-295
433
669
-818
623
-646
-13
122
375
-739
891
703
-568
-41
-44
-81
-797
77
818
-68
-202
-1
887
-301
552
-863
-873
-357
449
-206
-384
-797
329
299
-859
-1600
-958
81
-559
-45
-370
657
632
22
22
118
33
-710
-112
-269
671
-271
-288
87
-771
-812
-977
-461
429
83
807
-285
-318
91
-144
-252
-645
309
810
604
696
910
629
-607
-697
-77
461
927
180
-814
-740
640
848
-993
-722
277
420
335
-277
-858
1637
-315
433
1811
-247
265
-626
338
724
41
-999
-492
-384
-922
177
308
39
965
68
-695
-114
741
507
977
493
-208
-66
779
-200
-590
-583
872
-139
-75
751
893
269
-874
-928
-281
148
684
737
104
17
412
608
-264
404
-973
-916
661
99
201
-417
458
-237
-496
567
878
343
-854
-491
-637
-849
-550
682
324
974
-741
-174
733
-770
959
-180
-468
362
-833
-115
418
-518
367
902
226
404
-184
375
589
767
204
-460
646
449
-88
366
735
860
-959
317
975
-967
629
-131
695
-952
441
294
-734
76
5
-308
-888
-197
855
974
-735
15
-267
-870
-511
-481
-52
-68
3
-139
98
-448
-793
641
186
488
-704
-343
-664
399
-915
-141
-928
-852
500
-340
565
748
-211
957
-52
335
669
608
-211
938
-530
160
-302
330
-788
478
283
678
489
-73
-647
-331
-191
432
-188
956
852
96
-845
369
904
833
-917
804
788
425
548
-681
122
-387
100
-842
171
201
-965
412
-423
893
-813
625
629
61
-603
-913
615
683
627
-667
67
-502
472
-689
-24
635
356
572
629
831
710
-687
-235
224
-363
-61
869
83
-47
7
851
26
496
-11
-788
435
64
59
-616
437
-384
-362
-603
-325
143
914
795
-513
336
576
-200
-277
-566
538
316
299
-650
-131
412
-145
381
540
156
943
-323
-477
853
88
547
290
238
-222
192
-848
499
-403
-251
61
-227
425
619
-782
-992
-21
790
688
875
782
-390
-298
-765
104
996
-359
817
920
-343
143
-854
-607
-707
-702
-656
966
-474
-546
191
-591
652
-640
384
677
430
-922
-92
511
178
-55
331
426
881
-804
-111
-92
640
802
-429
847
-680
142
139
-804
-558
-419
-214
-85
512
-252
-444
479
-663
365
624
-25
703
-843
-146
290
-792
682
-318
-209
919
-823
738
-428
-200
-706
120
-182
793
816
-561
-607
-948
578
-411
-145
38
541
-615
-978
-357
-927
740
-920
431
708
768
-676
-827
499
-48
403
164
-130
364
-436
828
101
197
-808
-652
940
-721
-302
552
341
-936
623
943
-402
-630
-331
-728
-373
83
-643
-971
419
-829
124
242
-426
-259
647
-556
848
888
-755
-640
312
533
-894
-321
276
19
670
-403
297
-555
-531
-366
-39
-468
-165
-982
-701
-627
891
2
-673
-921
-140
410
78
-600
82
636
904
228
159
236
178
297
-543
-245
-519
35
125
-56
-736
-35
-276
-86
376
-440
499
286
-150
703
-251
147
-26
-373
-578
-979
682
-407
673
1
-115
239
-392
136
442
904
428
-589
625
57
-884
-266
-413
313
373
728
310
-537
97
591
212
-332
449
-725
667
-296
799
-84
-422
784
688
-941
-324
838
204
384
325
-519
-621
883
-259
-278
-405
-295
-555
-466
-521
-864
-921
-813
-100
714
663
980
-724
969
914
552
-246
-2
8
-997
971
728
834
-161
551
-273
338
276
-858
-509
169
395
451
86
-120
998
27
580
-423
-332
-662
-268
790
-92
-796
196
531
844
-677
620
-684
-526
176
-748
956
845
-393
822
164
943
430
-782
893
-440
429
-515
426
-26
-739
331
774
-469
413
144
-418
-394
-41
-112
216
617
-987
566
-72
-587
-36
-309
343
-588
-72
-740
83
663
-80
629
229
-340
262
-352
590
452
100
-541
256
-692
750
-626
-816
732
674
-266
630
-847
-83
-14
-190
478
-76
-577
-973
-458
368
-254
-30
-549
-645
-659
854
-816
566
-28
-763
-232
287
-940
192
-62
71
136
-736
94
-278
-573
-908
187
504
-46
-900
904
-300
-690
210
10
201
760
860
355
563
-1041
720
-425
-593
-705
364
401
-693
390
509
438
968
752
840
-549
3
751
540
-35
332
-421
1413
-1440
-432
-499
-421
-902
639
-106
-861
873
-980
862
409
576
418
626
197
-739
-886
-135
929
555
634
562
659
-610
800
-878
143
571
427
-867
-414
-762
474
-221
817
106
-501
-110
177
490
901
-221
268
-84
342
178
6
-984
-738
250
497
843
352
602
990
-388
-781
697
-903
-615
239
-352
-832
116
480
-747
857
827
777
-878
-92
905
647
-279
896
864
728
218
-525
611
-490
570
700
-31
86
287
857
-777
-774
-180
-622
32
906
-859
-240
-362
-948
197
690
-906
-501
891
-153
505
-214
567
300
-385
-828
424
-8
-553
519
638
-688
-324
-722
50
74
-803
814
412
-537
6
-1256
788
-82
965
187
973
-167
849
-334
248
-973
-70
-988
-620
-129
-364
486
-557
656
478
288
-92
-753
710
-348
-397
208
612
812
348
248
-830
419
143
247
813
61
566
828
-908
361
-607
462
990
-358
313
-247
314
-763
-798
860
-427
-208
169
-408
-204
-769
402
-691
590
561
114
604
-635
608
-321
171
-927
-915
-638
-965
-491
442
-113
819
-410
97
237
436
88
140
-209
465
-207
1000
-952
-712
-242
-152
-440
-540
114
-889
365
-999
712
584
331
-641
931
861
660
732
-864
112
604
380
761
-659
165
549
-689
344
-324
-45
857
895
-784
813
808
498
-880
169
877
930
513
-997
291
392
-545
-331
712
680
-707
151
558
240
690
-925
-894
12
120
852
-562
-548
645
670
525
382
545
777
203
-575
22
-92
-284
-86
-135
194
-498
613
206
-860
-297
55
651
-155
447
-654
843
665
509
101
-678
-394
385
886
188
975
-637
-655
-355
192
-548
819
-763
-180
202
-765
990
-410
-383
590
833
-38
-120
601
-847
-981
-319
410
532
-412
58
-374
-333
206
791
440
801
-22
-466
312
-543
-645
-272
-526
-893
64
854
765
-986
398
-342
767
-408
-535
930
234
-930
-506
-668
452
-235
670
-207
378
-538
-287
234
100
-544
290
858
-810
67
-951
-884
-820
-306
-125
229
503
751
-459
-739
-375
483
-299
669
-987
-731
280
-812
211
289
990
503
79
-43
326
92
-723
25
-716
843
-4
-512
-454
-94
-823
751
793
-934
826
706
-377
-521
-765
852
290
-495
375
116
-872
-252
-131
574
241
-28
980
-951
766
-458
-951
-359
-702
-156
-572
-353
-635
328
-288
-970
-340
-243
676
-531
-764
949
19
-35
858
700
-721
-786
848
50
504
19
-6
-709
-923
36
734
564
536
964
636
515
-828
-394
-824
-309
-746
565
-956
750
-402
523
278
324
204
-444
172
192
-904
184
108
-166
-266
364
-441
524
-513
-885
-856
-266
540
124
-328
962
-419
-145
343
-486
5
-651
-287
-615
-464
657
176
184
-953
-165
739
364
419
-773
52
-172
-339
-282
30
462
292
-369
-729
-963
-471
-915
810
279
-356
-803
552
673
73
388
-364
362
392
-824
-335
-785
-175
-807
-889
-879
-930
35
-392
-984
-964
987
97
559
809
334
632
-940
206
-763
336
-278
-687
-673
-842
690
795
1363
569
733
-780
645
911
128
458
-703
-716
659
-571
-80
-264
-560
-970
757
-948
171
-967
617
131
-364
-69
-20
865
768
811
-420
-347
285
-20
657
-796
-219
172
969
394
-336
-20
493
973
-74
-875
-693
-257
-366
99
-986
410
-672
-762
-14
372
252
433
825
919
934
-565
970
-136
308
-967
625
-225
-210
-415
724
522
-170
-452
124
599
364
36
-745
-475
-437
-97
-639
-186
-128
-932
-353
-904
-421
-35
917
715
-374
-746
-332
-147
78
-360
-959
925
-321
-925
805
-153
857
-986
-247
221
896
739
118
-334
-652
-432
553
746
764
547
361
-25
-747
182
-465
769
-836
-428
294
-118
-108
-993
552
438
497
462
-17
489
39
324
635
-219
279
-714
557
-205
519
381
-39
582
-98
208
339
607
572
508
-829
-639
-55
505
-578
-194
-942
-374
-582
-708
969
347
953
0
-363
-889
-904
581
-95
-966
439
958
-137
-493
-777
692
-535
585
153
401
305
413
-518
-223
-29
730
-3
-301
-537
-730
897
533
-844
-612
-937
841
123
-858
222
-897
-380
-133
-383
798
511
-959
209
118
125
-413
-423
585
-792
664
775
-446
-924
-728
-680
-948
674
-617
684
877
621
685
-822
-517
-500
-385
-469
484
335
193
655
-491
-379
472
-721
-155
555
525
-584
-41
-848
-359
221
-709
33
-123
80
-96
-425
489
-936
666
-972
599
-619
-230
620
256
-788
-499
125
-131
-53
722
221
-32
-845
762
-145
204
124
385
571
366
-349
-583
-308
736
219
747
-691
776
-249
526
481
349
414
-491
-739
-510
-255
840
771
-115
-764
689
-279
-20
25
-621
-399
45
-812
499
-576
267
-986
688
-121
295
-56
670
418
4
376
-663
-273
-667
827
987
-127
413
445
-50
-20
-543
319
-638
679
496
-288
147
582
-834
521
-681
549
-728
689
437
-1000
-358
769
421
-507
-12
625
-672
-962
971
958
224
-301
-331
810
-495
971
-198
645
-906
532
-293
-631
306
984
-272
362
-543
-584
851
776
-69
-78
363
-431
-465
-486
-502
249
989
-164
-808
395
23
698
628
-974
-634
863
-1213
-333
-951
-681
-895
195
-626
-661
406
685
99
76
-831
464
544
-857
788
-607
-388
596
-355
-896
325
-295
-969
-781
-707
194
-4
-640
590
515
685
448
-738
997
159
301
-134
-224
886
180
553
660
-298
497
-627
-836
-192
498
-335
464
166
36
877
673
-849
-600
-901
478
-32
734
-244
92
526
-993
781
228
74
-91
-877
237
-307
-505
-516
283
127
866
-561
-731
998
829
-350
-343
953
-770
175
229
-144
950
18
288
-764
797
-238
436
745
-184
-333
-7
105
367
208
-58
-929
851
-962
-300
981
474
-706
431
950
517
312
938
-113
521
-350
819
124
920
20
143
896
759
-877
-74
-645
95
-840
-831
939
-476
556
524
-241
229
-262
-38
478
-961
-545
41
-641
850
-850
232
827
841
336
-747
583
-605
948
-166
-519
715
297
-776
54
206
933
-629
-678
-560
-540
127
-98
121
-766
-941
139
774
239
892
-157
145
-827
-687
942
-25
942
684
-794
716
-578
-512
607
583
429
986
478
140
-945
573
-241
489
-911
-459
151
744
-736
242
-966
-636
721
333
-926
555
-376
-573
-510
-107
-975
351
904
293
-503
-980
-505
-735
371
-381
475
-977
-147
205
-12
-5
752
-248
433
530
-279
-778
-709
893
205
-170
63
-923
195
175
-986
396
-650
677
908
681
-462
908
-398
-6
-248
-923
671
-53
930
-943
898
-722
-960
-737
700
188
-681
376
-561
-601
-972
-146
630
893
-653
-924
-60
-104
913
-559
-195
-496
413
-482
14
199
-356
-552
983
828
-235
-481
-331
-740
830
837
-91
-1176
155
741
-980
-323
-826
-73
-16
-994
677
773
287
449
-370
-932
-532
-431
713
135
130
819
-586
-795
860
-899
946
-432
-917
-712
-392
-947
716
127
843
823
699
-461
416
-971
-567
149
-933
748
-11
-997
829
-209
914
699
-166
-47
891
-876
-965
-270
-447
643
-997
377
737
-592
-827
723
-755
130
-815
-657
-45
-27
-680
594
-950
668
698
-142
740
-836
-256
-548
-56
-181
-638
-283
720
555
979
-19
-11
-231
907
56
683
35
-48
781
898
388
221
408
392
712
197
-709
448
-629
280
907
123
-961
-256
459
283
-370
-318
853
-808
93
262
574
859
-637
-940
-528
-538
-1
-68
409
456
899
698
623
-872
825
-455
409
989
721
936
838
829
371
476
-871
799
-391
571
-151
-229
-378
614
552
-579
-802
-433
-172
106
-87
39
392
-524
346
424
336
530
111
-528
-538
-468
249
506
204
-320
229
580
916
863
-506
576
-680
-465
-431
199
-445
655
-218
517
-157
99
-183
-627
-123
556
-357
313
693
377
-704
-32
-975
-227
-205
498
387
-692
409
-185
-567
-847
-446
47
-461
-342
744
116
-59
-572
-917
-915
508
526
-635
997
692
-810
-500
138
-72
798
487
158
-344
-874
-836
738
47
-425
-609
993
981
65
702
-524
-434
274
-216
-310
-734
595
356
746
670
-349
-110
463
328
443
463
-418
-434
846
223
537
-288
-362
-465
176
-141
-72
-715
-347
-7
-252
777
-717
39
-195
451
929
645
320
370
587
436
-529
729
409
736
-719
-51
739
-550
407
-112
586
-741
-947
469
248
-583
861
351
613
-859
-502
-988
181
-575
-135
-754
240
-160
-503
900
-689
-26
63
-907
156
-694
865
-339
580
-287
586
317
-805
492
-378
881
8
-865
789
-362
453
-754
701
-401
-380
380
926
868
997
-895
-147
-508
644
-682
-787
-1
888
-395
605
793
666
-909
133
925
449
-884
-290
-383
-960
634
-119
-183
271
553
720
245
-939
735
-744
-530
-462
-545
943
-192
-632
282
348
2
681
909
-952
-186
931
949
-306
-233
966
-557
-956
724
91
341
-884
-838
474
-203
-378
153
598
600
-327
-253
-860
-351
713
490
-933
-988
936
100
796
-548
889
349
208
92
-984
86
-616
970
-621
166
873
-804
-781
-707
-708
425
-386
673
-964
665
-639
109
255
210
329
606
140
199
-497
524
-404
-350
160
-148
-27
778
-685
-218
3
614
789
-558
779
240
368
836
-574
-837
774
-144
758
101
181
-676
619
-601
14
-552
700
862
-772
-762
332
724
981
486
842
-955
18
165
487
-401
-59
610
-444
772
223
794
428
890
880
-501
-181
801
-418
439
-11
-796
-80
934
276
421
930
-477
-303
-250
730
481
-67
-790
566
-793
-363
331
600
388
-626
738
28
739
-473
781
-301
114
73
974
372
153
372
-543
821
-935
-666
-786
574
935
-108
783
-508
-574
439
-269
447
584
-799
-165
-27
119
-625
-554
201
771
612
-928
-870
762
-797
480
-121
178
-585
-694
84
-885
351
26
50
820
-377
613
763
-762
217
-55
86
122
847
444
470
966
-491
-760
-726
-260
631
-304
300
179
28
392
430
-690
-39
697
-689
-15
632
-8
26
510
-60
-417
-350
-757
-729
-624
-468
-621
-281
-698
-471
83
-277
548
-270
-397
856
-191
-925
422
-394
954
185
-465
-19
-980
-494
480
-176
377
380
-377
-442
27
-408
-945
890
707
381
515
-283
894
-91
583
916
332
162
-359
-546
-481
-993
862
685
-902
337
486
331
580
194
-493
810
349
458
-774
481
732
37
678
350
-844
-762
315
604
67
-799
161
811
325
162
-703
-80
-889
-737
665
-936
-455
41
258
-407
-942
858
839
549
-767
512
-258
842
-184
-941
-657
229
-638
627
799
-151
-911
259
-130
129
-467
-350
-934
-749
-272
-695
987
-450
159
509
-427
-609
-727
-721
555
86
795
-213
388
-404
502
630
89
840
-142
-167
-822
613
-8
51
225
-908
-680
662
-886
832
-630
421
487
-382
319
633
-472
173
-469
147
275
698
532
-559
220
-800
292
-940
-968
-754
-41
-611
436
-263
47
388
-956
465
497
26
-276
618
-978
830
-242
-569
863
-683
742
212
739
638
-719
695
-362
-194
-407
786
269
-484
-367
994
-102
220
529
73
93
586
-112
49
196
-890
-767
498
-956
47
99
-473
312
-744
-922
146
-880
217
220
426
-382
-546
425
-556
-458
-573
397
-609
-514
-297
-181
636
-442
125
818
-269
-501
-270
-928
-529
-91
190
-29
-1000
-339
326
695
-77
509
493
-504
475
417
-319
329
-908
819
-322
-431
-714
899
660
-422
725
-145
-159
117
-380
-446
152
-405
-833
-732
247
-22
-140
934
-794
-599
844
965
-339
-276
-422
25
342
-469
-913
588
-283
-774
13
279
-678
-303
-470
-382
646
-510
-169
-164
-865
9
874
-735
-833
-490
-39
369
-391
-564
-637
575
-96
497
279
-579
-617
381
-971
-760
580
273
-525
873
-753
560
-831
950
733
886
948
-689
951
-869
-557
-417
-563
-722
-372
289
290
760
-414
155
963
558
-1315
-921
124
323
483
885
-169
-676
436
-249
-788
-957
44
-13
-690
-63
-710
267
-50
189
-827
-142
-165
-754
-92
-903
-530
608
-331
-725
293
131
-999
-150
729
-23
-239
-445
470
71
-866
814
306
-886
-520
365
-455
277
-632
-329
-183
832
875
578
895
-250
429
566
-84
-169
132
-273
854
113
96
242
-121
480
365
1000
-216
127
526
974
-116
156
-714
-391
33
83
-698
-583
635
-511
160
-888
-765
751
-117
38
982
245
-840
-530
807
497
-740
-141
-287
360
-343
-669
-158
260
704
-594
-314
-729
284
-84
859
152
865
761
861
-304
605
406
-646
651
896
377
-111
135
-669
-134
-988
-261
-269
360
-522
-354
739
803
-30
516
872
-355
863
760
371
-353
-95
-311
513
664
-69
-560
601
-774
-455
-634
-624
-669
749
-983
472
-417
409
-213
-83
-581
882
-412
134
859
-125
554
494
-212
22
-213
99
-119
333
949
39
-105
-785
766
-978
708
-320
-309
996
229
-739
-795
963
-18
-731
373
259
-430
687
436
-775
-521
571
-808
809
-377
-35
-334
-170
-797
-816
705
-331
550
67
434
-442
-79
-323
324
-920
988
-118
-380
947
184
-9
-84
-129
57
-651
-984
894
-630
748
280
-517
612
-682
-362
-103
-427
-950
846
-16
4
-246
764
186
-559
-352
-506
-622
-542
635
714
-116
944
179
-839
-682
-920
-499
-64
-844
-397
561
986
391
-534
-874
-73
-394
738
756
-525
179
-477
-37
454
416
-805
703
829
299
-876
-928
144
-642
-327
-375
447
10
570
643
-637
-86
19
-221
457
358
399
863
-720
-103
-872
705
-237
298
484
652
472
-272
-648
-234
613
-592
967
782
950
-192
629
-498
996
70
609
-647
-413
-297
132
338
842
-795
42
-236
587
740
-969
661
-513
-991
251
602
41
-383
-76
-406
221
-821
-657
-923
-814
286
725
983
-864
528
103
444
-493
865
609
-671
115
126
-855
-550
851
997
591
595
-136
-453
-826
-494
839
902
79
831
-733
315
506
715
-438
-418
542
-292
64
-199
988
-325
-752
411
950
-149
213
-735
642
-986
-427
-922
-808
-262
722
192
423
-741
-686
-36
648
-506
-183
-304
890
-368
-44
944
544
436
-939
70
-694
412
773
-166
-444
-148
-790
-367
9
320
-935
873
837
-238
-749
685
-614
456
-480
-841
62
622
-693
415
85
233
-66
-232
-851
-319
-618
352
35
637
71
584
910
-701
683
565
-455
921
225
-595
-431
-515
105
-100
-398
641
313
-816
312
722
542
277
946
823
-342
-678
814
978
-64
627
410
-641
-924
-344
793
608
409
118
520
783
-99
-812
-932
-654
241
705
592
301
610
-306
-402
917
-799
-371
-851
490
-692
730
513
115
-801
-865
-589
-831
-819
2
54
-899
-754
190
-3
-724
503
-309
-967
50
972
-26
-105
-525
507
362
220
-941
498
-161
-271
-80
-653
-188
-23
592
-302
-900
875
-232
347
90
-279
-208
-165
690
886
-253
-625
-614
-396
223
-541
869
-825
-946
-98
421
604
-403
-748
-999
-192
962
854
-414
425
-412
846
-941
850
-331
672
654
-1233
770
-704
-870
-166
-975
-970
223
731
-865
322
346
-855
-759
832
-87
908
485
-396
-995
18
448
-1000
284
133
-852
-31
573
994
489
-735
-250
-374
367
-969
686
-869
-835
839
-213
-223
-324
996
-525
289
306
-673
-454
160
-527
-384
975
264
-549
-564
557
339
919
990
644
980
-806
-485
395
235
-484
667
938
277
-370
442
109
-669
-298
-410
217
-65
-719
796
63
-347
147
71
468
-867
-620
24
214
983
-6
3
977
-19
714
-75
428
-644
349
238
-261
729
-108
398
604
-426
291
512
-138
-753
-510
618
-358
369
192
896
475
39
-717
689
724
513
228
18
-321
-845
888
-42
809
-219
408
-421
-511
610
-844
800
-519
-608
552
-760
-325
60
-10
261
466
-645
826
-558
206
333
335
-889
-215
-473
-981
628
-210
-622
270
588
-501
419
397
729
-341
-208
-231
386
10
201
814
697
-473
396
-359
782
-34
-214
553
-672
905
450
512
59
-432
-944
-289
177
140
702
865
668
-943
-313
961
-648
-462
-538
-749
-320
223
-258
252
-565
-561
837
299
102
200
-663
-827
-957
9
-572
99
818
407
-779
-213
996
-419
-653
-781
54
-616
82
-298
694
12
-702
-24
-530
-705
-93
-878
953
431
153
-66
-644
-835
-985
-258
-474
110
828
-753
-862
250
-474
325
978
753
33
875
-214
710
-3
-236
975
-578
-983
-510
263
135
967
934
504
664
231
-15
294
-692
565
515
790
-65
-458
291
-100
-57
552
884
-527
632
169
-308
-885
270
-437
-171
912
-122
-160
187
-413
-217
117
466
112
362
-587
-572
-921
390
903
-605
807
199
-51
989
717
30
108
-972
319
273
495
372
-146
395
-475
-621
-593
-422
168
-812
-465
777
123
-429
975
290
179
986
-541
-86
-943
27
305
-637
-779
-99
-403
-276
-84
-968
68
-476
723
389
-582
216
781
-170
-384
818
303
-942
24
-908
277
-785
-107
-860
-165
-370
961
762
-994
-575
204
-925
-971
196
139
989
-86
-709
-516
504
-46
601
932
382
-223
34
-229
21
-548
956
-127
-227
-229
-514
476
885
-347
-801
274
849
541
-770
116
822
-983
380
213
-508
552
144
827
66
486
-721
188
621
-574
-87
3
571
-644
851
940
924
-691
-664
-30
244
-829
-637
756
-673
36
298
-991
-611
-717
-105
413
902
-306
61
927
-342
-436
112
270
199
762
-176
-331
977
116
803
-280
-335
-546
168
-886
603
-114
718
821
-851
-571
-209
-3
453
-500
-329
347
983
434
-288
-135
-827
287
725
508
346
746
-192
886
-999
971
-501
452
-422
-633
273
930
-976
-12
-316
-962
924
905
-177
503
-597
-426
263
558
742
-378
41
-514
-566
199
-883
-432
-913
-920
-16
206
-774
347
-444
-411
-755
-301
717
-418
979
487
-728
-956
-20
808
-401
261
-431
-137
622
-396
430
-473
23
-66
617
-354
-655
910
8
-76
202
-981
403
923
734
-594
-324
-867
-775
-624
637
469
354
-975
975
885
60
830
-271
-739
-532
859
-826
-698
-938
-333
322
287
527
49
-876
731
546
948
122
-194
-550
758
-535
-832
-71
625
-362
751
84
676
535
911
817
148
-258
-826
605
-492
-176
-16
909
317
-967
-815
598
-932
969
615
96
606
738
531
131
2
-122
-168
408
978
990
-997
525
-749
-89
-824
-351
279
-380
168
260
522
-445
-463
-721
-679
-371
-357
575
486
-473
724
-675
752
793
242
-446
-277
461
520
410
-370
616
146
-784
-357
647
400
-866
582
949
-171
-651
-816
-45
-19
86
-11
-951
-295
946
-984
-878
-453
-195
-308
118
-8
717
-983
177
-416
-69
-478
759
418
533
-516
-289
995
-762
-675
527
891
-565
531
-608
-371
-639
203
561
729
-572
-610
856
387
160
-700
-810
683
-896
566
-475
42
205
440
-989
-624
639
-403
158
415
381
-664
-201
-200
424
-809
-156
613
913
-619
-247
420
-519
-161
653
177
516
-622
-165
258
-948
-1
87
178
-471
966
-574
-861
-284
-790
-616
979
811
36
200
-962
-56
-218
-701
-648
-909
-205
-255
-488
-528
23
-244
-685
-502
611
389
278
-432
-787
-625
-286
-881
-831
293
-463
190
790
491
-688
-189
-719
778
-442
628
654
-153
-296
-180
-590
-235
-110
-175
853
-521
-800
-543
-241
544
-806
563
793
301
-483
-349
321
-486
-153
679
-423
-185
850
-68
234
-643
-735
-348
-626
592
-959
155
16
91
-122
-746
-689
-963
909
846
-609
-126
923
510
559
1423
860
584
472
-619
-810
-139
-78
-185
901
-450
-75
-336
-337
420
633
-958
683
-517
367
836
366
-909
590
716
654
763
-697
-972
-439
557
1455
325
4
547
743
-540
-894
-75
-957
-698
-341
478
-616
-439
689
-697
-642
-805
-295
-942
150
-211
38
759
-840
429
-625
-394
-824
-585
-407
-23
878
172
369
185
-632
140
745
675
51
908
-159
847
264
886
151
833
877
-16
644
-377
-130
-896
-361
218
-686
-654
-34
192
880
249
802
-968
206
229
-966
-351
424
510
-708
439
-723
-734
406
-718
-604
315
609
-854
-238
736
-514
945
1044
-106
-131
440
917
-463
65
-696
436
462
-493
-28
-206
-199
-792
-989
-757
106
-373
198
999
-645
-526
-616
246
936
-289
-339
280
434
-334
305
-425
-971
-198
-973
-69
361
478
-969
-467
-619
-514
555
-37
-956
70
-460
897
-834
-138
-801
15
358
-469
743
388
223
950
982
-952
-362
-257
1599
6
-462
-846
-679
488
235
-549
-294
-269
550
400
-435
558
-595
332
338
-717
11
-800
-134
-767
-257
-671
-329
-566
-247
-478
-963
493
-736
-126
501
269
289
259
-604
-49
-24
805
486
-330
870
794
-642
336
388
432
921
944
-282
-74
-616
254
-716
-769
-585
-668
606
575
-298
-530
-763
771
249
-424
318
249
-819
403
988
226
422
-471
703
-882
933
-369
438
947
911
846
393
178
349
991
-438
800
-881
-941
768
-850
-635
246
-698
297
499
18
-26
642
-771
210
-876
-969
743
-452
234
-473
-655
817
2
475
-599
-818
138
-660
755
-922
517
540
130
30
496
752
-598
85
-586
193
-751
670
-940
-913
375
831
241
-192
4
479
-683
442
610
31
100
170
110
-603
-152
-966
-476
825
-663
152
618
367
205
-791
635
-255
-4
-603
95
529
300
125
714
509
690
-958
-438
-136
-121
-315
-213
891
819
-393
221
51
233
-297
278
216
352
1425
-675
278
145
-376
3
23
-453
590
898
-637
259
-375
-964
531
-933
-571
-898
423
196
-728
-193
-560
-228
-700
158
-207
-515
66
-710
-232
52
691
970
-744
244
-721
146
470
-469
570
165
475
391
422
-151
-691
198
746
786
155
-582
711
-617
-773
-767
-486
-983
-629
93
729
-198
-288
-614
370
-458
750
-587
-53
-220
-152
146
-195
204
48
-344
582
582
-69
171
-19
657
-924
209
211
-410
472
276
-458
-969
659
182
-941
266
-5
-343
-945
661
259
792
817
455
569
818
-799
462
560
895
-518
625
726
374
88
-595
-858
-501
-81
344
527
-923
-497
-581
-838
810
339
559
-127
721
-808
-622
769
815
-16
416
-509
-756
-49
-209
357
852
-354
39
233
-297
-159
293
19
-514
-347
868
220
-187
965
-359
-18
359
44
255
-201
-430
408
-241
-641
-642
79
-477
-449
423
512
470
135
308
220
125
279
819
-326
-759
-541
-322
-973
-263
792
608
-1
125
86
118
297
-342
-841
-880
-269
-682
217
724
-819
720
-4
-878
-800
-710
428
-889
365
673
104
-403
829
-827
870
730
356
-446
601
-987
631
232
-166
-193
-431
939
-209
826
-266
-152
-456
-993
165
-906
968
941
817
535
-762
-826
580
-704
585
251
444
352
979
-97
-836
723
-343
75
985
594
478
-492
242
-128
62
723
-884
-788
-464
670
523
-433
-668
236
589
343
-107
-955
382
807
-758
841
-117
-181
-715
93
244
678
-13
-840
427
313
-175
-542
579
591
-984
-778
-378
-519
591
-292
-63
500
395
66
-979
-314
712
725
-13
-155
885
0
458
-235
-595
62
-693
32
-482
818
-943
843
363
889
285
712
481
175
-278
209
-975
810
-466
-786
906
571
836
502
-471
-211
-357
-367
933
-137
422
-471
395
459
-860
307
1054
478
-439
-210
378
-870
-588
49
361
-391
511
196
600
351
845
-299
668
47
-268
908
-498
110
-196
-197
-946
517
-813
847
-802
-44
-645
995
531
541
-700
-464
-932
747
-860
-550
536
753
875
-527
-20
-838
385
498
325
-25
477
-788
515
-561
460
88
683
-559
-428
-227
-289
-592
-731
82
350
196
695
-970
-412
-57
404
432
-797
-21
448
-29
171
-771
-933
155
-738
-371
276
348
12
-507
984
-709
563
-168
592
-133
-471
-388
292
-455
844
-641
327
848
-623
-213
989
618
369
-373
-804
458
527
-475
172
681
-438
782
-723
309
37
886
-965
462
-405
-491
-322
-965
637
-459
-707
-106
275
56
-452
423
-777
647
429
-920
426
969
-472
297
-341
167
775
-11
304
701
-401
-225
96
-901
450
372
454
482
161
-551
76
-499
836
-416
-736
261
627
841
-2
-65
848
-442
942
-437
331
-427
-146
-349
742
67
359
780
-89
-152
408
284
-150
332
-994
1
272
740
913
54
-518
822
-899
-480
-52
-317
53
815
972
178
446
-629
573
-448
320
161
-833
-869
446
-888
-46
-368
-48
-103
-590
-320
174
-951
746
524
-307
645
-951
-556
-355
1000
-321
-215
-215
81
108
133
-122
784
549
522
459
522
-576
-553
254
229
982
-929
-5
883
-946
947
817
62
-259
484
-600
-882
321
-545
406
-240
490
838
-185
954
514
962
329
873
-971
57
610
-887
-676
-967
-497
937
-338
-168
-885
1000
-864
-274
-474
-3
47
777
393
890
-380
-744
-732
-606
-17
836
183
-496
386
-223
-886
-452
-181
536
-167
683
192
836
544
918
-286
-960
363
969
-255
-402
546
-105
113
807
-270
879
923
-754
-603
-391
-508
-345
-489
925
-340
386
-48
-6
-53
733
-468
-569
-903
356
-926
919
-826
750
-802
120
240
-712
892
814
148
446
505
345
337
-695
-403
918
-146
-895
422
-406
635
-405
592
-682
-842
-842
405
-462
-688
-191
209
-824
-677
-805
703
-737
471
729
484
-314
-111
-232
-688
11
213
-856
-224
89
-277
538
-253
-446
-930
176
-452
-301
170
841
769
-490
-792
126
247
158
-394
-477
-447
-950
-534
-299
198
-258
-838
42
770
-963
-862
-601
-162
-562
-574
510
-704
347
-350
874
-631
-516
996
-788
-765
-247
-68
-804
923
337
-538
509
-841
9
-133
726
556
700
25
830
272
-367
-352
27
-538
-144
-123
-373
643
-332
-885
32
-105
992
-383
545
-586
-707
545
685
989
39
794
-758
324
-667
490
-861
307
-131
-870
319
-835
213
-666
-747
352
-846
480
-662
768
-301
731
-801
-633
967
-240
206
-463
487
603
-341
872
536
-204
430
853
-696
-478
533
598
226
-708
293
102
256
-169
-71
-218
-763
435
-252
308
-444
-218
740
-719
-882
-711
-648
735
657
-236
-448
-725
654
887
963
-90
691
-179
978
-998
974
-594
352
-695
-573
452
-737
-954
-634
944
64
-196
-542
-181
961
-864
171
442
-299
-241
201
-998
728
-551
-522
-193
-990
-222
847
-305
794
299
-194
-788
611
167
-470
609
-72
-970
393
129
-397
-584
-553
792
350
353
171
326
-717
890
-953
-764
-889
977
-225
599
373
-992
655
775
-861
762
698
-73
-811
478
270
882
-46
648
382
71
-249
-552
-43
-353
442
-537
-703
890
-212
-711
-339
-42
2
365
-131
920
-770
-279
-790
461
346
-970
-555
-309
-396
-685
382
-850
16
934
-773
-539
524
-532
-199
-255
352
93
693
-750
317
763
-145
-183
117
286
-237
919
-229
-904
-844
-855
-61
226
-391
-62
-220
-237
80
-380
-785
-944
862
-909
693
99
-700
948
-895
45
-211
-728
684
943
754
-236
492
-728
267
318
-950
-310
-581
334
-299
522
243
-807
-789
-799
-653
-636
-803
-347
159
562
784
-659
-814
-894
250
-841
967
214
932
-440
248
-666
352
-365
-379
362
190
181
-785
-412
-629
-539
185
324
330
510
-194
901
-482
-674
-864
-862
112
729
-276
-780
-349
123
-841
-912
-573
-489
-50
-370
152
-758
200
919
710
876
133
-309
545
-32
779
931
342
710
-140
-422
-817
-223
-491
-117
-934
-97
380
-215
-118
1543
915
963
551
-108
104
575
138
-612
945
-166
948
-109
792
712
-147
477
-426
-759
419
944
512
342
944
-32
-255
-324
-620
-260
-166
153
-510
107
-143
234
-688
740
-41
-360
-673
954
-863
421
-68
658
814
-805
-236
286
-414
-830
440
896
65
-177
805
649
-374
-861
908
40
659
-37
-971
-935
-329
-336
106
-953
-412
-499
585
846
953
365
-28
-363
63
-385
267
925
93
-714
841
-344
-626
773
381
-835
-466
450
-428
551
-541
600
-692
64
261
-357
-843
733
131
-258
829
-719
-400
-662
856
-489
-651
889
-816
140
-473
-376
488
896
-594
72
-11
-883
-822
659
-350
-665
-781
-534
948
-449
401
-495
-95
-577
558
955
-59
-545
916
621
121
-977
-236
219
-386
677
-929
-342
-753
470
805
17
-96
-87
-966
-898
-961
-335
520
-110
654
67
933
609
471
293
736
-263
457
385
214
761
92
-801
-246
-678
-914
449
-78
-45
917
-247
-100
255
853
994
-858
-922
649
396
316
856
651
-655
296
670
-299
-924
129
-617
701
-268
116
642
177
-352
-204
-439
-149
277
-230
435
-294
-400
8
-364
-631
-276
-25
973
-267
873
544
-524
-359
297
-1177
39
943
-885
-315
11
-381
949
-718
-402
192
-734
-427
-378
-357
814
-193
-326
283
170
-979
-790
724
-946
-90
-761
-310
-391
-895
-933
714
-91
-494
-349
494
298
568
970
-731
-967
235
112
261
449
101
922
680
790
197
668
243
-333
-866
-138
954
139
777
81
838
-756
-749
-746
906
831
763
944
-796
328
-914
-402
-124
-782
2
672
429
360
968
743
-483
257
-115
969
-524
960
-499
175
-590
247
-656
-624
-209
987
-134
945
-242
558
-750
-656
-493
863
-4
390
-214
-673
813
-211
940
-386
-453
354
-96
-142
-521
340
-396
-874
-964
-58
644
-373
-886
-471
288
6
303
563
983
-513
412
886
650
488
858
936
-341
240
128
159
948
-124
-759
515
64
93
-774
594
-41
953
928
938
-624
168
-891
617
210
451
481
-686
117
906
326
506
220
-944
-294
985
113
-492
-981
488
-188
-320
-849
865
-60
-732
920
248
-318
617
557
941
-499
998
643
469
-199
792
-917
580
-215
92
-122
-776
133
-493
-586
-238
-949
-896
-333
927
-963
547
-704
-626
-177
604
752
-771
268
-799
749
732
-688
-32
668
-437
-907
146
738
15
-645
-117
530
-1058
-59
130
806
978
415
124
606
694
476
-758
449
312
-273
546
-269
-427
-639
310
-298
396
119
-215
470
638
376
-807
-101
819
-471
142
550
632
23
957
66
110
300
703
319
-980
159
-599
808
846
814
413
288
909
-997
-283
304
349
-479
-502
-644
232
-607
-802
-608
-694
145
-905
-232
173
-69
643
-355
47
-353
81
385
484
-37
52
-378
-518
322
568
-942
784
866
430
-987
171
999
828
-951
-917
-634
52
-95
83
925
-285
-397
-898
158
-751
584
-524
-544
-221
-387
415
82
-834
-815
-488
278
-399
68
-754
468
-541
829
881
244
-31
381
297
-315
-254
216
340
-734
830
626
-432
-64
399
153
890
-124
70
959
-818
605
-711
-839
251
-194
-784
924
778
703
407
815
-960
381
880
968
345
-568
-749
130
225
385
162
-166
-729
913
-892
-576
583
463
702
-538
428
142
-437
649
-577
-665
247
-980
314
304
-406
113
-217
-9
323
-162
-680
941
-76
-774
229
-421
-847
132
-636
539
-229
684
-233
-188
757
-852
736
113
-991
465
409
914
-534
893
251
-886
-640
607
290
46
-699
532
-67
875
60
-548
-266
978
-851
-624
868
-299
-585
312
158
-568
-194
912
-293
-341
395
-51
962
-53
422
-749
756
-278
-364
350
550
-621
885
-33
-245
-978
-720
82
-655
-608
383
-167
976
-908
400
681
-656
757
-475
-106
-525
-555
427
-586
372
-938
-442
421
579
-62
-584
-950
-922
138
-32
-785
654
895
-689
-828
606
-125
-969
377
86
318
-366
480
71
-765
-933
545
689
386
-290
420
624
-63
819
14
135
59
-497
21
-910
754
402
-880
-881
0
-202
-322
-501
81
28
317
441
-32
947
-762
-16
-785
774
-764
-944
-271
869
750
199
-399
649
947
553
602
-253
-50
-585
-311
-392
-639
-971
-347
230
-661
-300
-258
-667
842
669
-182
662
-300
134
765
-251
249
-976
-258
317
-546
-728
-140
-943
511
-675
841
-449
-921
476
-8
-40
-465
-862
759
-652
-974
-606
703
779
789
-440
622
-491
986
84
-131
-709
98
-430
523
436
656
192
495
608
806
-720
-853
-732
650
-677
-773
932
-412
-628
-472
-628
632
-163
-1000
-608
747
587
317
863
507
-79
-950
-757
955
665
487
656
-206
-970
833
-168
-520
-204
779
120
-484
256
18
-403
107
-833
644
-829
-392
-47
116
-368
647
-157
-104
779
738
547
398
425
-526
194
-559
-236
-598
-711
-667
174
-43
-997
-900
-361
-615
-425
9
-294
979
183
-608
935
525
102
23
133
-122
703
-308
-323
-838
-590
-305
346
23
-860
-165
739
-164
867
-323
-340
-417
900
-885
383
-457
314
-759
-270
918
863
-85
750
311
-875
148
-36
50
652
133
5
516
918
-767
1465
-50
-76
-432
-533
226
763
900
-40
455
-121
184
293
-631
402
-633
-845
727
477
590
513
20
-151
-955
153
506
945
931
70
-24
507
418
805
-103
-668
60
367
45
816
850
764
-975
-564
39
-967
-494
648
-847
-886
359
977
-869
794
981
198
699
-302
544
-978
-64
611
-127
496
-684
-981
-560
557
108
551
-157
-353
-148
13
252
300
816
890
241
-5
844
477
-42
398
-338
-702
954
605
-685
495
-474
-282
116
-157
878
-679
68
932
-845
-673
103
-990
-570
-165
-186
-762
265
241
299
-128
77
-774
-102
-196
507
-535
-548
-617
518
815
116
528
-52
207
435
-197
-85
395
-945
962
842
-744
-548
238
-98
219
388
783
-663
221
-568
93
-939
-851
356
920
528
799
313
-688
407
857
112
-560
-163
11
862
-852
-133
486
801
-922
174
-366
489
69
346
310
258
771
-335
815
130
-553
948
413
-948
-507
-656
325
-507
275
130
-859
-171
401
890
-949
-369
-545
-27
-23
-877
448
-477
678
968
-1
-377
-129
-971
-760
-214
471
734
-86
-272
557
603
-728
-39
240
108
363
-718
-549
949
558
1068
-124
744
-367
505
528
-990
951
653
-995
813
-616
-52
108
548
854
-623
-343
997
855
594
-232
-319
-532
-244
-253
623
-431
791
-876
951
151
-265
-995
669
-719
796
515
166
-267
-361
659
65
668
966
158
-83
639
-741
-999
-430
879
-136
-141
-568
-471
-468
-421
527
217
796
225
-45
-52
426
821
-620
-916
741
-985
-10
609
-858
815
-310
-612
-273
378
269
40
932
-953
-311
-73
-170
-581
14
-875
-170
977
259
-80
725
698
-776
467
956
-643
-475
112
737
97
-287
-994
515
-724
92
-811
-440
182
971
522
447
807
-913
-166
276
-894
-856
-890
-184
-287
94
144
38
843
583
19
886
-858
-643
-610
-522
355
912
-428
796
987
326
263
-676
106
-565
734
-980
623
-46
614
-566
-236
-357
531
-470
117
390
-614
-735
554
-68
-331
-241
834
-323
-453
1000
-719
454
-201
-954
105
-900
205
-320
363
435
483
185
-881
-957
20
-412
586
-573
-23
796
903
908
-186
-727
-264
-925
-84
-632
-235
-348
305
647
-805
832
419
245
146
-595
14
984
-997
885
-476
313
764
-269
772
21
228
611
117
479
-747
-41
73
470
202
-59
-597
339
-922
-57
-775
-795
781
811
159
495
870
48
291
-968
-676
716
-709
-925
748
-37
-837
143
-246
310
49
527
623
-40
876
-856
-941
-561
-81
-771
969
-790
925
304
335
765
-788
474
-786
629
437
15
-507
45
-446
6
690
-717
-383
766
186
610
-518
-580
336
542
-600
-724
-527
-615
249
690
956
648
-946
-749
301
849
-96
-828
776
5
-691
359
258
-574
-331
704
-542
262
622
774
598
654
883
674
-561
-551
790
-966
594
-953
572
331
766
815
-494
361
-995
-746
-319
576
980
-761
-20
356
995
185
-419
614
-907
-279
362
-20
-781
564
622
917
-263
199
-389
-913
727
0
475
82
591
904
80
568
618
-980
-479
-421
433
77
683
-858
-332
-802
-723
-254
461
-580
-267
982
111
-253
-439
106
-738
479
-371
663
-487
-821
-966
-485
-158
954
582
-740
184
-587
292
775
823
-292
289
-635
-460
465
-346
-651
451
-37
-549
-124
-641
385
523
946
-47
136
-899
-722
-448
619
52
796
79
-362
966
309
-330
674
499
461
383
-190
46
360
37
51
-495
-517
-893
-651
-812
175
595
-89
459
-427
-723
-106
-868
-56
110
662
-204
-671
26
-221
-925
714
-643
752
-230
288
113
-131
-630
-640
208
535
-621
458
-566
795
705
885
735
353
-160
471
-497
323
367
380
573
-891
-939
717
-299
580
-53
859
994
86
-12
915
-589
-337
-694
-61
-357
-412
-562
493
206
-62
820
447
-783
-824
-50
-335
-676
116
-666
-2
-197
653
-175
-360
-365
-372
-199
254
375
615
853
-275
364
-63
124
149
797
-550
441
-983
-416
832
11
672
364
753
-409
123
978
357
-684
-55
-334
882
891
-491
963
-1021
892
-886
-986
105
-347
-283
-297
-125
416
49
-97
-660
-738
637
438
959
745
-992
-334
-479
425
-102
335
-628
-359
670
9
37
345
626
378
-43
166
278
-470
-423
803
-521
-908
-838
706
17
-132
-908
690
432
-65
-762
-698
212
472
748
628
606
-346
-300
-205
-906
219
800
916
-503
-589
-61
-139
-182
-336
-837
-271
-21
-222
-71
-504
-246
104
-163
-22
-570
-142
522
-941
-619
217
275
-523
-339
-488
949
-751
-149
193
-432
379
874
-763
-554
-343
249
327
110
-966
-759
-684
657
-224
869
679
-772
-817
651
803
-592
-949
816
774
744
-856
-612
687
87
-434
267
664
784
-234
344
-821
-113
-966
-427
66
-993
914
510
-520
378
-497
-304
-997
663
45
-150
633
933
-5
-859
589
-172
-237
-223
962
-850
-741
-836
-260
360
252
-136
138
-636
427
-982
-101
-593
-759
505
-463
-98
364
-389
183
585
-577
-906
659
-58
433
783
317
-893
387
-659
861
-169
-516
-131
-241
-521
315
812
-736
-832
-84
875
73
827
357
-832
188
-251
749
-56
62
-814
637
434
-185
-88
899
-153
706
175
451
-206
133
632
88
205
311
-846
275
-380
-914
781
-802
-407
762
-164
913
397
631
608
-234
-752
-937
-773
-693
141
139
-993
466
-152
-913
-691
-244
314
-763
276
246
-956
-160
-128
526
-522
-749
861
-182
-481
656
915
-1000
955
287
528
446
675
-1602
664
174
-363
106
-772
-559
944
663
-905
-832
281
-360
38
-400
-162
946
-339
-688
769
166
514
-362
-171
750
-79
188
99
-422
485
-347
6
-50
-314
892
-100
-994
360
818
702
378
-706
-258
751
-373
-851
317
-706
432
296
536
499
-536
-620
-133
-640
-577
-65
-756
468
-10
-677
336
696
789
207
-273
280
348
-43
273
-114
-402
293
-198
351
-161
-556
107
406
-495
-596
-540
-14
326
472
-161
676
725
921
607
647
-191
-478
-31
-684
130
458
900
246
341
465
367
-445
-477
710
-43
338
-978
724
-814
673
-753
-57
-994
-892
-227
840
-892
-691
-568
-922
947
-192
-705
789
-363
-54
-988
432
849
340
-507
-68
146
754
33
-591
90
-650
38
-206
575
-261
-861
846
462
973
73
-735
-31
365
614
763
-210
-353
321
971
-577
-824
-543
141
609
379
-967
-722
214
581
148
-109
-490
221
337
-437
-674
45
781
-52
970
-536
144
-119
-120
503
644
698
-996
622
-3
608
416
29
-181
-666
-438
-730
938
-716
-24
-711
-72
594
516
-75
-279
330
949
-733
-624
-100
175
854
36
-945
741
-78
34
357
-920
453
403
969
-195
528
-511
899
-127
-613
649
-756
-765
830
950
591
273
944
17
671
853
-657
294
-607
217
-428
-570
925
-735
871
-571
-461
-460
800
-418
328
610
-299
561
-231
466
-598
599
601
-527
-389
-538
-958
102
-346
566
-979
846
-334
-696
863
416
320
754
144
822
-799
-147
-644
454
444
-750
-157
-11
612
-853
-865
-831
-324
158
179
-193
-101
-775
55
256
709
-794
428
-881
991
799
-945
-732
-45
-564
198
-56
-81
-685
460
722
11
-116
-925
-96
-215
-293
-493
-796
-590
-305
-262
-141
-986
-52
-716
856
33
403
810
-279
-457
957
-676
282
-817
203
-319
980
836
203
-651
926
-633
326
-310
-448
-937
-636
999
756
-783
926
-509
651
207
880
437
980
867
-953
-907
-618
-403
-743
-870
-807
682
-449
-680
-670
900
-49
-216
651
874
468
-652
-397
321
-784
893
-58
-677
821
-311
-454
192
88
-531
-835
498
763
-942
-384
911
-48
-39
-787
-358
152
-147
992
135
-785
255
28
530
-773
716
902
378
188
-621
911
-175
-80
303
984
-466
-64
-1
459
-520
526
623
92
-843
127
208
645
-823
-226
-276
-143
-16
530
560
-655
717
-795
-385
-523
607
-592
-215
383
615
-571
108
94
-567
480
322
-15
811
242
792
-672
-400
-886
997
-301
466
537
966
908
-961
-115
-765
-843
-384
-418
910
-73
-428
552
39
-514
-577
103
37
-53
441
901
955
121
-333
-542
-427
-353
-917
183
39
-646
653
-352
952
-969
-92
-969
-697
317
-855
-903
-660
984
-256
-844
-681
-48
348
866
694
909
-396
-115
-956
179
86
461
2
-975
778
-680
546
430
-245
-883
-266
-642
-31
-763
106
14
-578
-657
-926
689
-269
209
-3
20
756
-284
-942
-998
771
-468
962
-219
655
826
-817
801
862
934
886
205
467
24
921
726
-706
157
-969
176
3
521
-129
-950
347
120
106
331
-212
-156
751
-942
-2
365
-914
421
-710
-9
-580
-390
344
893
815
-172
636
-734
819
968
-88
-245
-583
118
758
-860
-940
534
262
-677
-546
-743
-133
956
-144
234
630
-631
-732
-301
774
-828
-81
-533
-318
934
-612
497
621
-7
-685
213
-836
845
-375
-601
-540
-647
-324
-531
569
536
-42
-711
-29
-66
822
594
826
-706
412
630
5
720
-125
-257
-586
451
-681
452
-378
-865
86
-696
925
538
328
-766
-917
457
166
290
605
-392
498
505
631
-383
612
-298
-925
-19
-918
-682
770
-708
600
-959
-707
-863
104
-7
692
208
877
-187
-809
-69
-876
-819
705
-807
741
-52
-581
20
-114
469
-485
613
-962
826
-770
-716
141
105
228
-398
-425
-404
-112
-960
-753
-748
83
6
-536
-1645
689
674
-803
-774
156
-249
-419
342
472
732
182
-396
371
-841
-344
209
-206
224
888
-784
866
472
703
-227
917
848
-86
764
996
349
19
876
-185
477
-605
-287
610
-7
858
844
6
244
144
940
720
-809
456
668
724
-799
377
819
44
-740
277
864
-637
334
-376
-607
-240
-597
356
229
848
483
742
859
512
682
224
224
-21
-527
257
606
133
306
-725
-124
-313
243
-975
-271
517
-432
-685
529
-748
977
290
821
674
-348
263
188
316
-266
851
-130
631
60
824
393
50
330
-260
-802
-250
18
255
-698
-985
-499
-174
478
-805
-694
-665
-18
978
-860
559
-498
285
-689
478
958
-907
-184
-214
257
11
-316
793
-786
-109
127
-264
430
598
301
-866
337
860
211
-110
-119
305
413
-114
-876
503
-401
834
-751
932
434
139
-486
-410
-171
865
-503
466
1000
-563
596
-737
125
988
-552
-175
-741
47
95
37
299
35
-395
785
-28
261
-723
-496
-296
528
451
252
864
638
-397
49
-184
-863
444
195
957
729
582
-258
-926
666
122
915
-458
276
42
227
525
-314
-134
681
613
705
-146
-758
680
299
873
-194
-761
233
725
515
-243
-520
-873
-362
163
197
-910
460
390
497
-587
982
-397
359
615
376
-107
961
-503
-33
-760
701
-937
-87
-512
-320
142
-206
621
188
-423
-343
-436
-79
-174
583
-213
622
860
-381
376
413
-344
-437
-928
-128
462
84
478
-772
530
555
-815
-136
394
306
-82
-654
964
-666
-237
738
-297
849
969
119
145
974
-416
-401
304
223
-760
-320
-808
-951
-579
661
-985
-551
168
175
987
968
-358
-418
83
438
-664
-127
712
-773
597
-808
784
-763
-868
-445
95
909
-229
468
604
-313
81
485
-133
-370
-890
3
67
787
-180
-669
11
654
-692
-869
-762
-303
-966
-71
760
-249
712
483
674
425
409
-613
751
-212
-344
213
-624
-911
600
54
62
378
798
-109
-528
-693
-157
-707
93
848
-245
35
340
-571
-109
-637
-285
-982
-428
-810
55
840
832
-569
458
519
375
412
751
-835
848
567
-54
790
640
-627
760
-423
-261
640
-215
-328
672
681
-53
-662
-719
-491
-257
-149
44
578
-242
33
956
-396
-259
572
-876
572
-192
-446
651
-441
311
-24
-454
616
-342
-89
379
-623
585
972
-708
-101
489
792
-946
-490
265
-274
-457
949
423
-956
544
515
-439
782
669
331
621
-795
-378
-589
375
392
21
-705
-943
-69
896
638
-495
598
128
-779
78
764
180
-910
-859
196
523
285
572
298
724
973
523
-403
329
849
-567
-713
42
803
-416
-364
464
278
336
-431
-234
-433
-926
425
936
-430
114
706
-211
380
18
224
299
1
373
-533
759
-423
-16
457
688
167
377
-594
120
-946
38
-861
-833
-752
-349
-515
-436
881
-88
755
-794
919
260
544
-20
-59
-132
188
-389
-377
-247
-957
-501
264
975
-577
0
-602
342
336
-992
237
-514
842
-799
-566
-8
973
258
-911
-77
-516
714
-456
-255
-586
283
-342
67
500
307
484
702
-588
917
-494
14
-933
-905
-270
933
353
-599
-974
427
550
-975
403
461
373
-60
158
-569
-361
-882
300
-378
859
364
923
828
910
813
767
815
-460
699
-431
511
-489
181
55
-748
380
240
34
-236
-172
699
-415
181
-679
-585
-839
998
702
135
-926
993
-382
590
-583
102
926
-999
894
-930
-263
-766
834
-103
-248
312
279
-901
549
-483
465
429
871
-726
814
796
-582
900
227
623
-482
419
-39
-222
687
695
-811
745
-501
-314
-910
-665
-571
410
-725
-7
-356
784
-633
606
-697
181
-768
-654
444
577
325
143
340
236
443
934
-835
-593
382
275
90
-173
287
-12
997
495
688
-626
265
-314
435
-682
591
-625
-500
716
672
-798
-51
-62
586
868
-657
-380
-268
-934
984
-804
539
444
-752
890
-160
-86
-711
127
-200
-125
21
-803
-630
554
835
-254
425
278
-957
-936
-105
-444
432
-995
-472
-534
-562
208
-278
-595
-62
412
905
705
208
-661
-317
-236
704
835
161
-940
786
-854
325
756
485
-328
966
-342
-135
-962
505
895
394
704
219
-335
645
696
709
684
-595
-336
563
-850
-103
394
-490
-148
-333
-415
866
-448
-100
-439
-785
-720
146
-238
130
518
-20
287
-967
428
774
-3
52
-392
-457
-611
705
571
-14
333
432
416
-688
-76
-771
811
-254
-790
-900
295
-74
-409
-222
-270
-753
-3
-886
37
754
-417
896
5
542
282
997
885
513
-886
-612
580
-605
-361
-351
-420
526
-733
655
-691
-801
427
746
-317
153
710
349
-442
734
-727
-526
829
-566
-283
488
5
842
-730
815
965
514
-343
-828
851
117
810
145
958
-286
-616
-504
739
-136
399
-495
-405
-566
-850
956
-691
358
-448
-176
782
674
584
683
661
639
-238
-5
-934
296
928
-45
-608
-892
637
-124
-940
-209
674
510
-318
-413
-533
-216
929
3
462
774
615
52
444
213
-207
973
-470
-566
730
-315
101
-768
-967
-333
204
-396
-849
-462
-393
-813
-833
446
590
-700
-554
480
-494
-37
-171
-149
625
760
-23
918
-525
-656
37
-372
914
903
-162
-56
828
684
-50
212
-584
-971
-883
-34
-192
-207
719
-106
560
838
-152
-371
301
-746
-841
276
-409
-890
-648
-760
-94
101
156
-629
564
649
603
916
426
-291
-390
-265
-537
764
994
-938
-300
663
-490
528
-977
795
890
-741
-57
-925
-294
-297
-652
-754
791
248
120
-322
-436
-878
-320
53
888
232
620
419
-503
748
-1094
-555
432
-54
-265
-988
328
777
501
739
-646
-124
41
600
990
77
-436
182
-444
-678
312
592
-449
603
597
-909
-138
81
881
-816
452
124
-341
-873
-531
281
-72
346
777
-293
382
495
-357
-800
917
765
-574
894
-944
27
727
564
684
-545
-184
297
-638
-210
656
696
-604
-749
609
635
-2
-8
-651
-938
-100
-612
272
840
875
399
-980
-532
338
100
-2